14:50:41.941 268,8636,8769,9493,11268,24178,25921,21360,24542,  -4,-252,  27,0,68,f73500
14:50:41.941 R,8635,8773,9491,11266,8635,8773,9491,11266,24180,25918,21365,24543,  -5,-252,  27,0,68,073500
14:50:41.941 R,8641,8778,9497,11274,8641,8778,9497,11274,24186,25932,21373,24554,   0,-253,  28,0,68,873570
14:50:41.941 R,8643,8776,9498,11275,8643,8776,9498,11275,24194,25930,21374,24552,  -1,-254,  28,0,68,973570
14:50:41.941 R,8641,8779,9498,11277,8641,8779,9498,11277,24187,25931,21372,24556,  -3,-254,  28,0,68,a73570
14:50:41.941 R,8642,8779,9499,11279,8642,8779,9499,11279,24190,25933,21374,24558,  -2,-252,  28,0,68,b73570
14:50:41.946 R,8644,8779,9499,11278,8644,8779,9499,11278,24190,25934,21375,24559,  -2,-252,  28,0,68,c73570
14:50:41.946 R,8646,8784,9505,11287,8646,8784,9505,11287,24200,25944,21384,24567,  -4,-254,  28,0,68,473640
14:50:41.946 R,8651,8786,9504,11287,8651,8786,9504,11287,24199,25943,21382,24571,  -4,-253,  27,0,68,573640
14:50:41.946 R,8652,8786,9503,11288,8652,8786,9503,11288,24202,25944,21383,24568,  -2,-253,  26,0,68,673640
14:50:41.946 R,8650,8783,9503,11284,8650,8783,9503,11284,24203,25944,21380,24567,  -3,-253,  26,0,68,773640
14:50:42.091 R,8648,8778,9501,11283,8648,8778,9501,11283,24201,25942,21379,24567,  -2,-253,  26,0,68,873640
14:50:42.091 R,8646,8777,9502,11279,8646,8777,9502,11279,24198,25939,21375,24559,  -4,-253,  26,0,68,973640
14:50:42.091 R,8649,8771,9517,11270,8649,8771,9517,11270,24188,25930,21367,24553,  -6,-254,  24,0,68,f73690
14:50:42.091 R,8641,8773,9494,11271,8641,8773,9494,11271,24191,25932,21365,24549,  -6,-253,  25,0,68,073690
14:50:42.091 R,8638,8772,9497,11268,8638,8772,9497,11268,24189,25930,21363,24544,  -5,-254,  25,0,68,173690
14:50:42.241 R,8639,8771,9493,11266,8639,8771,9493,11266,24188,25931,21368,24545,  -5,-252,  25,0,68,273690
14:50:42.241 R,8642,8772,9493,11265,8642,8772,9493,11265,24191,25934,21363,24543,  -5,-254,  25,0,68,373690
14:50:42.241 R,8638,8770,9493,11267,8638,8770,9493,11267,24190,25929,21362,24544,  -2,-254,  25,0,68,a73750
14:50:42.241 R,8640,8769,9493,11268,8640,8769,9493,11268,24189,25929,21361,24544,  -1,-252,  25,0,68,b73750
14:50:42.241 R,8638,8773,9492,11266,8638,8773,9492,11266,24188,25928,21363,24542,  -1,-253,  26,0,68,c73750
14:50:42.241 R,8638,8769,9494,11266,8638,8769,9494,11266,24188,25930,21362,24541,  -3,-254,  26,0,68,d73750
14:50:42.396 R,8638,8772,9492,11266,8638,8772,9492,11266,24191,25928,21365,24542,  -2,-254,  25,0,68,e73750
14:50:42.396 R,8642,8772,9495,11271,8642,8772,9495,11271,24187,25931,21364,24546,  -2,-253,  24,0,68,573810
14:50:42.396 R,8639,8772,9496,11268,8639,8772,9496,11268,24188,25930,21365,24545,  -3,-254,  23,0,68,673810
14:50:42.396 R,8641,8773,9498,11273,8641,8773,9498,11273,24188,25929,21363,24545,  -3,-255,  24,0,68,773810
14:50:42.396 R,8641,8774,9498,11271,8641,8774,9498,11271,24189,25934,21369,24549,  -3,-253,  24,0,68,873810
14:50:42.542 R,8642,8774,9498,11271,8642,8774,9498,11271,24194,25936,21369,24548,  -4,-253,  24,0,68,973810
14:50:42.542 R,8647,8778,9501,11277,8647,8778,9501,11277,24199,25938,21370,24557,  -5,-253,  25,0,68,173880
14:50:42.542 R,8645,8779,9501,11279,8645,8779,9501,11279,24197,25938,21374,24560,  -5,-253,  26,0,68,273880
14:50:42.542 R,8645,8781,9500,11280,8645,8781,9500,11280,24196,25939,21379,24559,  -5,-253,  26,0,68,373880
14:50:42.542 R,8635,8778,9480,11266,8635,8778,9480,11266,24206,25941,21381,24570,  -5,-253,  26,0,68,473880
14:50:42.692 R,8648,8782,9501,11284,8648,8782,9501,11284,24201,25945,21379,24563,  -4,-254,  26,0,68,573880
14:50:42.692 R,8650,8784,9509,11290,8650,8784,9509,11290,24206,25948,21382,24568,  -3,-254,  25,0,68,c73940
14:50:42.692 R,8651,8787,9507,11288,8651,8787,9507,11288,24212,25953,21384,24570,  -3,-252,  26,0,68,d73940
14:50:42.692 R,8652,8789,9507,11289,8652,8789,9507,11289,24204,25948,21378,24569,  -3,-252,  27,0,68,e73940
14:50:42.692 R,8655,8788,9508,11292,8655,8788,9508,11292,24215,25956,21388,24570,  -3,-253,  26,0,68,f73940
14:50:42.842 R,8652,8791,9508,11293,8652,8791,9508,11293,24213,25955,21384,24571,  -1,-254,  26,0,68,073940
14:50:42.842 R,8654,8788,9510,11295,8654,8788,9510,11295,24217,25956,21387,24577,  -3,-252,  26,0,68,173940
14:50:42.842 R,8661,8794,9512,11301,8661,8794,9512,11301,24222,25962,21395,24582,  -2,-253,  27,0,68,773990
14:50:42.842 R,8659,8792,9511,11300,8659,8792,9511,11300,24223,25961,21390,24582,  -1,-254,  27,0,68,873990
14:50:42.842 R,8658,8792,9509,11301,8658,8792,9509,11301,24223,25955,21384,24582,  -1,-252,  26,0,68,973990
14:50:43.147 R,8657,8786,9508,11292,8657,8786,9508,11292,24222,25956,21385,24579,  -1,-253,  26,0,68,a73990
14:50:43.147 R,8655,8786,9509,11287,8655,8786,9509,11287,24221,25952,21380,24573,  -1,-253,  27,0,68,b73990
14:50:43.147 R,8652,8779,9501,11281,8652,8779,9501,11281,24209,25945,21371,24559,  -1,-254,  26,0,68,374060
14:50:43.147 R,8651,8779,9502,11279,8651,8779,9502,11279,24208,25943,21371,24558,   0,-254,  26,0,68,474060
14:50:43.147 R,8652,8779,9500,11280,8652,8779,9500,11280,24207,25943,21374,24557,  -2,-253,  26,0,68,574060
14:50:43.147 R,8648,8776,9502,11280,8648,8776,9502,11280,24206,25943,21369,24559,  -1,-254,  26,0,68,674060
14:50:43.151 R,8648,8780,9487,11271,8648,8780,9487,11271,24207,25942,21369,24559,  -1,-255,  26,0,68,774060
14:50:43.151 R,8651,8782,9501,11281,8651,8782,9501,11281,24208,25941,21370,24560,  -2,-253,  25,0,68,f74130
14:50:43.151 R,8651,8781,9502,11282,8651,8781,9502,11282,24207,25942,21370,24558,  -2,-254,  25,0,68,074130
14:50:43.151 R,8644,8771,9480,11270,8644,8771,9480,11270,24210,25938,21373,24554,  -2,-254,  25,0,68,174130
14:50:43.151 R,8652,8782,9503,11282,8652,8782,9503,11282,24208,25941,21368,24555,  -2,-253,  25,0,68,274130
14:50:43.292 R,8649,8780,9503,11282,8649,8780,9503,11282,24207,25941,21372,24560,  -1,-254,  25,0,68,374130
14:50:43.292 R,8650,8781,9505,11285,8650,8781,9505,11285,24210,25948,21370,24565,  -1,-253,  25,0,68,b74200
14:50:43.292 R,8650,8782,9502,11285,8650,8782,9502,11285,24213,25948,21372,24563,  -1,-252,  25,0,68,c74200
14:50:43.292 R,8654,8786,9507,11284,8654,8786,9507,11284,24213,25948,21375,24565,   0,-253,  27,0,68,d74200
14:50:43.292 R,8652,8783,9505,11286,8652,8783,9505,11286,24214,25947,21374,24565,  -1,-253,  26,0,68,e74200
14:50:43.442 R,8654,8784,9506,11287,8654,8784,9506,11287,24210,25944,21374,24565,   0,-253,  26,0,68,f74200
14:50:43.442 R,8657,8790,9511,11291,8657,8790,9511,11291,24218,25955,21382,24575,   1,-252,  26,0,68,774270
14:50:43.442 R,8659,8788,9510,11293,8659,8788,9510,11293,24221,25956,21382,24573,   1,-253,  27,0,68,874270
14:50:43.442 R,8647,8789,9506,11297,8647,8789,9506,11297,24221,25956,21379,24569,   1,-252,  26,0,68,974270
14:50:43.442 R,8659,8790,9513,11295,8659,8790,9513,11295,24224,25955,21384,24575,   1,-254,  26,0,68,a74270
14:50:43.592 R,8656,8791,9514,11298,8656,8791,9514,11298,24223,25957,21382,24579,   2,-253,  27,0,68,b74270
14:50:43.592 R,8662,8792,9512,11300,8662,8792,9512,11300,24224,25957,21380,24577,   1,-254,  26,0,68,c74270
14:50:43.592 R,8663,8808,9529,11326,8663,8808,9529,11326,24227,25960,21388,24586,   2,-253,  26,0,68,274320
14:50:43.592 R,8662,8797,9518,11306,8662,8797,9518,11306,24231,25964,21390,24585,   2,-253,  27,0,68,374320
14:50:43.592 R,8666,8797,9517,11308,8666,8797,9517,11308,24231,25970,21390,24584,   2,-252,  27,0,68,474320
14:50:43.916 R,8665,8795,9519,11304,8665,8795,9519,11304,24231,25968,21390,24589,   2,-252,  26,0,68,574320
14:50:43.916 R,8667,8801,9520,11309,8667,8801,9520,11309,24231,25972,21392,24591,   3,-254,  26,0,68,674320
14:50:43.916 R,8662,8789,9514,11294,8662,8789,9514,11294,24230,25961,21377,24577,   2,-255,  26,0,68,d74380
14:50:43.916 R,8662,8786,9512,11294,8662,8786,9512,11294,24231,25962,21377,24577,   2,-252,  27,0,68,e74380
14:50:43.916 R,8661,8788,9512,11293,8661,8788,9512,11293,24228,25959,21376,24575,   2,-252,  27,0,68,f74380
14:50:43.916 R,8660,8786,9511,11290,8660,8786,9511,11290,24228,25961,21376,24573,   3,-252,  27,0,68,074380
14:50:44.041 R,8657,8785,9511,11290,8657,8785,9511,11290,24225,25955,21373,24568,   3,-253,  26,0,68,174380
14:50:44.041 R,8655,8783,9511,11288,8655,8783,9511,11288,24220,25951,21369,24563,   4,-254,  27,0,68,874440
14:50:44.041 R,8652,8782,9499,11288,8652,8782,9499,11288,24215,25951,21362,24549,   4,-253,  27,0,68,974440
14:50:44.041 R,8657,8784,9509,11284,8657,8784,9509,11284,24219,25957,21367,24566,   4,-254,  27,0,68,a74440
14:50:44.041 R,8656,8784,9511,11288,8656,8784,9511,11288,24220,25955,21373,24563,   4,-252,  27,0,68,b74440
14:50:44.196 R,8657,8783,9511,11289,8657,8783,9511,11289,24222,25957,21371,24563,   5,-253,  27,0,68,c74440
14:50:44.196 R,8652,8787,9502,11292,8652,8787,9502,11292,24213,25933,21372,24566,   4,-251,  29,0,68,474510
14:50:44.196 R,8652,8787,9502,11291,8652,8787,9502,11291,24209,25934,21378,24569,   3,-253,  27,0,68,574510
14:50:44.196 R,8651,8788,9502,11291,8651,8788,9502,11291,24210,25932,21376,24569,   4,-253,  28,0,68,674510
14:50:44.196 R,8652,8790,9499,11294,8652,8790,9499,11294,24206,25935,21375,24567,   3,-253,  28,0,68,774510
14:50:44.206 R,8651,8789,9500,11293,8651,8789,9500,11293,24207,25931,21377,24571,   1,-253,  27,0,68,874510
14:50:44.206 R,8652,8790,9498,11296,8652,8790,9498,11296,24204,25929,21374,24571,   3,-253,  27,0,69,974510
14:50:44.206 R,8651,8792,9504,11296,8651,8792,9504,11296,24206,25936,21381,24577,   4,-252,  26,0,69,f74560
14:50:44.206 R,8653,8794,9500,11296,8653,8794,9500,11296,24208,25933,21382,24579,   4,-253,  27,0,69,074560
14:50:44.206 R,8654,8790,9505,11299,8654,8790,9505,11299,24214,25942,21380,24578,   3,-253,  27,0,69,174560
14:50:44.512 R,8654,8793,9506,11298,8654,8793,9506,11298,24206,25937,21379,24575,   2,-252,  28,0,69,274560
14:50:44.512 R,8659,8797,9512,11313,8659,8797,9512,11313,24208,25940,21378,24577,   3,-253,  27,0,69,374560
14:50:44.512 R,8659,8794,9509,11306,8659,8794,9509,11306,24219,25946,21387,24585,   5,-252,  27,0,69,a74620
14:50:44.512 R,8655,8797,9509,11307,8655,8797,9509,11307,24217,25940,21386,24595,   6,-253,  28,0,69,b74620
14:50:44.512 R,8658,8796,9508,11305,8658,8796,9508,11305,24219,25945,21383,24585,   5,-253,  29,0,69,c74620
14:50:44.642 R,8660,8799,9510,11305,8660,8799,9510,11305,24217,25944,21387,24587,   4,-252,  29,0,69,d74620
14:50:44.642 R,8660,8796,9513,11309,8660,8796,9513,11309,24219,25944,21389,24589,   6,-252,  29,0,69,e74620
14:50:44.642 R,8665,8794,9515,11308,8665,8794,9515,11308,24223,25953,21391,24597,   5,-252,  28,0,69,674690
14:50:44.642 R,8665,8804,9515,11315,8665,8804,9515,11315,24229,25953,21389,24596,   6,-253,  29,0,69,774690
14:50:44.642 R,8665,8802,9516,11316,8665,8802,9516,11316,24230,25954,21392,24597,   4,-253,  29,0,69,874690
14:50:44.642 R,8667,8803,9514,11316,8667,8803,9514,11316,24232,25954,21390,24597,   6,-253,  28,0,69,974690
14:50:44.792 R,8667,8802,9515,11316,8667,8802,9515,11316,24235,25950,21391,24597,   8,-254,  29,0,69,a74690
14:50:44.792 R,8660,8787,9505,11292,8660,8787,9505,11292,24221,25946,21371,24569,   6,-251,  28,0,69,374770
14:50:44.792 R,8659,8780,9507,11286,8659,8780,9507,11286,24222,25945,21371,24571,   7,-252,  28,0,69,474770
14:50:44.792 R,8656,8787,9505,11289,8656,8787,9505,11289,24223,25943,21369,24568,   7,-253,  28,0,69,574770
14:50:44.792 R,8658,8787,9507,11293,8658,8787,9507,11293,24218,25942,21369,24566,   7,-253,  28,0,69,674770
14:50:44.941 R,8657,8786,9508,11290,8657,8786,9508,11290,24223,25945,21369,24564,   7,-254,  28,0,69,774770
14:50:44.941 R,8653,8784,9504,11290,8653,8784,9504,11290,24214,25937,21366,24562,   6,-253,  25,0,69,e74830
14:50:44.941 R,8644,8780,9500,11271,8644,8780,9500,11271,24215,25938,21365,24564,   6,-254,  25,0,69,f74830
14:50:44.941 R,8655,8785,9506,11293,8655,8785,9506,11293,24217,25941,21369,24562,   6,-253,  26,0,69,074830
14:50:44.941 R,8654,8783,9505,11291,8654,8783,9505,11291,24216,25939,21367,24566,   6,-253,  26,0,69,174830
14:50:45.092 R,8654,8785,9505,11291,8654,8785,9505,11291,24217,25939,21365,24566,   8,-254,  26,0,69,274830
14:50:45.092 R,8647,8776,9483,11279,8647,8776,9483,11279,24215,25933,21368,24557,   7,-254,  26,0,69,374830
14:50:45.092 R,8654,8784,9507,11291,8654,8784,9507,11291,24214,25940,21367,24563,   8,-254,  27,0,69,a74890
14:50:45.092 R,8657,8787,9507,11291,8657,8787,9507,11291,24215,25941,21371,24562,   9,-252,  27,0,69,b74890
14:50:45.092 R,8657,8789,9506,11292,8657,8789,9506,11292,24214,25941,21369,24564,   8,-254,  27,0,69,c74890
14:50:45.242 R,8656,8787,9507,11293,8656,8787,9507,11293,24214,25945,21369,24566,   9,-253,  27,0,69,d74890
14:50:45.242 R,8656,8788,9507,11292,8656,8788,9507,11292,24218,25942,21371,24561,   8,-254,  28,0,69,e74890
14:50:45.242 R,8659,8804,9521,11320,8659,8804,9521,11320,24218,25949,21375,24571,   8,-253,  28,0,69,674960
14:50:45.242 R,8659,8794,9513,11297,8659,8794,9513,11297,24219,25952,21376,24570,   8,-252,  28,0,69,774960
14:50:45.242 R,8661,8794,9514,11298,8661,8794,9514,11298,24219,25950,21375,24570,   8,-253,  29,0,69,874960
14:50:45.392 R,8660,8793,9514,11299,8660,8793,9514,11299,24223,25952,21376,24571,   8,-252,  28,0,69,974960
14:50:45.392 R,8664,8795,9517,11302,8664,8795,9517,11302,24220,25955,21381,24573,   8,-253,  29,0,69,a74960
14:50:45.392 R,8665,8798,9523,11305,8665,8798,9523,11305,24227,25971,21384,24574,   8,-253,  28,0,69,175020
14:50:45.392 R,8666,8801,9522,11302,8666,8801,9522,11302,24231,25972,21388,24583,   8,-252,  29,0,69,275020
14:50:45.392 R,8668,8802,9526,11308,8668,8802,9526,11308,24228,25973,21389,24581,   8,-252,  28,0,69,375020
14:50:45.392 R,8668,8804,9527,11307,8668,8804,9527,11307,24230,25977,21390,24576,   7,-252,  29,0,69,475020
14:50:45.542 R,8670,8806,9529,11312,8670,8806,9529,11312,24233,25978,21391,24581,   9,-253,  28,0,69,575020
14:50:45.542 R,8677,8808,9556,11314,8677,8808,9556,11314,24243,25996,21402,24587,   8,-252,  28,0,69,c75080
14:50:45.542 R,8675,8808,9536,11318,8675,8808,9536,11318,24243,25999,21400,24584,   7,-253,  27,0,69,d75080
14:50:45.542 R,8676,8808,9535,11316,8676,8808,9535,11316,24247,25996,21400,24588,   9,-253,  26,0,69,e75080
14:50:45.542 R,8678,8808,9536,11313,8678,8808,9536,11313,24243,25998,21399,24585,   9,-253,  27,0,69,f75080
14:50:45.692 R,8677,8808,9537,11311,8677,8808,9537,11311,24243,25998,21393,24582,   8,-253,  28,0,69,075080
14:50:45.692 R,8669,8794,9528,11290,8669,8794,9528,11290,24233,25988,21375,24553,   9,-252,  27,0,69,975160
14:50:45.692 R,8665,8792,9525,11287,8665,8792,9525,11287,24235,25984,21374,24554,   9,-253,  28,0,69,a75160
14:50:45.692 R,8667,8792,9526,11287,8667,8792,9526,11287,24232,25986,21375,24554,   9,-252,  27,0,69,b75160
14:50:45.692 R,8666,8792,9529,11288,8666,8792,9529,11288,24233,25984,21372,24553,   9,-254,  27,0,69,c75160
14:50:45.842 R,8666,8789,9524,11285,8666,8789,9524,11285,24232,25981,21373,24551,  10,-253,  27,0,69,d75160
14:50:45.842 R,8664,8789,9525,11282,8664,8789,9525,11282,24228,25983,21369,24547,  11,-253,  26,0,69,e75160
14:50:45.842 R,8665,8790,9525,11285,8665,8790,9525,11285,24229,25980,21369,24548,  14,-253,  25,0,69,475210
14:50:45.842 R,8666,8789,9523,11283,8666,8789,9523,11283,24229,25976,21371,24544,  13,-253,  24,0,69,575210
14:50:45.842 R,8666,8788,9524,11282,8666,8788,9524,11282,24229,25977,21374,24544,  12,-253,  25,0,69,675210
14:50:45.992 R,8665,8787,9524,11283,8665,8787,9524,11283,24231,25975,21372,24545,  12,-254,  25,0,69,775210
14:50:45.992 R,8668,8792,9525,11285,8668,8792,9525,11285,24231,25980,21367,24543,  12,-253,  25,0,69,875210
14:50:45.992 R,8667,8789,9523,11282,8667,8789,9523,11282,24232,25977,21365,24543,  13,-254,  24,0,69,075280
14:50:45.992 R,8666,8791,9524,11286,8666,8791,9524,11286,24235,25977,21370,24543,  14,-254,  22,0,69,175280
14:50:45.992 R,8668,8788,9527,11286,8668,8788,9527,11286,24233,25973,21367,24548,  14,-254,  24,0,69,275280
14:50:45.992 R,8659,8780,9524,11266,8659,8780,9524,11266,24236,25976,21368,24541,  15,-254,  23,0,69,375280
14:50:46.142 R,8666,8789,9524,11287,8666,8789,9524,11287,24232,25974,21368,24542,  15,-253,  22,0,69,475280
14:50:46.142 R,8671,8791,9528,11287,8671,8791,9528,11287,24237,25975,21371,24548,  16,-253,  22,0,69,b75340
14:50:46.142 R,8671,8794,9526,11292,8671,8794,9526,11292,24238,25979,21371,24545,  16,-254,  22,0,69,c75340
14:50:46.142 R,8671,8783,9527,11284,8671,8783,9527,11284,24241,25975,21370,24546,  16,-253,  21,0,69,d75340
14:50:46.142 R,8672,8793,9527,11291,8672,8793,9527,11291,24241,25981,21374,24549,  16,-253,  22,0,69,e75340
14:50:46.292 R,8675,8794,9529,11292,8675,8794,9529,11292,24242,25980,21371,24549,  17,-253,  21,0,69,f75340
14:50:46.292 R,8675,8797,9530,11297,8675,8797,9530,11297,24248,25979,21375,24557,  16,-252,  20,0,69,675400
14:50:46.292 R,8678,8811,9537,11312,8678,8811,9537,11312,24249,25981,21378,24561,  17,-254,  21,0,69,775400
14:50:46.292 R,8678,8799,9532,11298,8678,8799,9532,11298,24251,25982,21375,24559,  17,-253,  20,0,69,875400
14:50:46.292 R,8678,8799,9532,11299,8678,8799,9532,11299,24254,25986,21378,24563,  17,-253,  21,0,69,975400
14:50:46.442 R,8680,8801,9534,11301,8680,8801,9534,11301,24254,25985,21374,24563,  18,-253,  20,0,69,a75400
14:50:46.442 R,8684,8802,9535,11304,8684,8802,9535,11304,24260,25985,21384,24568,  17,-253,  21,0,69,175460
14:50:46.442 R,8684,8807,9534,11308,8684,8807,9534,11308,24259,25988,21384,24571,  16,-254,  20,0,69,275460
14:50:46.442 R,8685,8803,9536,11305,8685,8803,9536,11305,24258,25984,21385,24569,  18,-254,  21,0,69,375460
14:50:46.442 R,8685,8803,9535,11306,8685,8803,9535,11306,24261,25990,21384,24568,  18,-254,  21,0,69,475460
14:50:46.592 R,8685,8801,9535,11301,8685,8801,9535,11301,24263,25983,21377,24564,  18,-253,  21,0,69,575460
14:50:46.592 R,8684,8800,9532,11299,8684,8800,9532,11299,24258,25983,21375,24562,  18,-253,  21,0,69,675460
14:50:46.592 R,8675,8787,9525,11285,8675,8787,9525,11285,24251,25970,21364,24543,  18,-253,  21,0,69,d75520
14:50:46.592 R,8679,8789,9528,11283,8679,8789,9528,11283,24247,25969,21361,24542,  17,-253,  20,0,69,e75520
14:50:46.592 R,8679,8788,9527,11289,8679,8788,9527,11289,24243,25973,21361,24545,  17,-254,  21,0,69,f75520
14:50:46.742 R,8676,8788,9524,11282,8676,8788,9524,11282,24253,25975,21364,24543,  18,-253,  20,0,69,075520
14:50:46.742 R,8676,8786,9524,11281,8676,8786,9524,11281,24246,25972,21362,24544,  20,-253,  20,0,69,175520
14:50:46.742 R,8673,8785,9524,11281,8673,8785,9524,11281,24243,25969,21357,24535,  18,-253,  19,0,69,975590
14:50:46.742 R,8686,8789,9549,11304,8686,8789,9549,11304,24243,25968,21357,24535,  19,-253,  20,0,69,a75590
14:50:46.742 R,8674,8787,9526,11282,8674,8787,9526,11282,24241,25966,21360,24540,  18,-253,  20,0,69,b75590
14:50:46.742 R,8674,8787,9525,11282,8674,8787,9525,11282,24246,25970,21359,24538,  18,-253,  20,0,69,c75590
14:50:47.069 R,8674,8785,9524,11280,8674,8785,9524,11280,24243,25967,21360,24535,  18,-253,  20,0,69,d75590
14:50:47.069 R,8675,8788,9528,11283,8675,8788,9528,11283,24244,25969,21361,24541,  19,-253,  20,0,69,575660
14:50:47.069 R,8679,8791,9527,11282,8679,8791,9527,11282,24240,25966,21361,24534,  20,-252,  20,0,69,675660
14:50:47.069 R,8678,8796,9521,11282,8678,8796,9521,11282,24244,25963,21363,24536,  19,-253,  20,0,69,775660
14:50:47.069 R,8674,8789,9524,11283,8674,8789,9524,11283,24245,25966,21363,24540,  18,-252,  20,0,69,875660
14:50:47.072 R,8675,8790,9529,11288,8675,8790,9529,11288,24245,25968,21365,24542,  19,-253,  21,0,69,975660
14:50:47.072 R,8678,8793,9531,11308,8678,8793,9531,11308,24249,25976,21367,24544,  20,-252,  21,0,69,f75710
14:50:47.072 R,8678,8792,9530,11290,8678,8792,9530,11290,24249,25972,21364,24545,  20,-253,  21,0,69,075710
14:50:47.072 R,8679,8793,9527,11290,8679,8793,9527,11290,24250,25972,21367,24545,  19,-253,  22,0,69,175710
14:50:47.072 R,8679,8793,9528,11287,8679,8793,9528,11287,24251,25970,21365,24545,  22,-252,  21,0,69,275710
14:50:47.192 R,8680,8793,9530,11290,8680,8793,9530,11290,24253,25974,21364,24542,  20,-253,  22,0,69,375710
14:50:47.192 R,8685,8796,9536,11298,8685,8796,9536,11298,24255,25976,21372,24553,  21,-253,  21,0,69,b75780
14:50:47.192 R,8683,8798,9535,11298,8683,8798,9535,11298,24256,25982,21372,24556,  23,-253,  22,0,69,c75780
14:50:47.192 R,8686,8800,9533,11299,8686,8800,9533,11299,24259,25980,21372,24556,  23,-253,  22,0,69,d75780
14:50:47.192 R,8685,8799,9536,11298,8685,8799,9536,11298,24258,25984,21373,24560,  23,-253,  22,0,69,e75780
14:50:47.342 R,8685,8796,9537,11301,8685,8796,9537,11301,24257,25976,21375,24557,  23,-251,  22,0,69,f75780
14:50:47.342 R,8688,8800,9536,11300,8688,8800,9536,11300,24259,25984,21376,24559,  21,-252,  22,0,69,075780
14:50:47.342 R,8688,8799,9536,11298,8688,8799,9536,11298,24265,25985,21376,24559,  21,-253,  21,0,69,775840
14:50:47.342 R,8687,8800,9536,11298,8687,8800,9536,11298,24267,25980,21372,24556,  21,-253,  21,0,69,875840
14:50:47.342 R,8683,8794,9530,11292,8683,8794,9530,11292,24261,25980,21368,24550,  21,-252,  21,0,69,975840
14:50:47.491 R,8685,8792,9531,11289,8685,8792,9531,11289,24261,25975,21365,24552,  20,-252,  20,0,69,a75840
14:50:47.491 R,8684,8789,9529,11289,8684,8789,9529,11289,24263,25971,21365,24546,  20,-252,  21,0,69,b75840
14:50:47.491 R,8678,8785,9526,11277,8678,8785,9526,11277,24246,25964,21352,24532,  21,-253,  21,0,70,275900
14:50:47.491 R,8677,8787,9523,11279,8677,8787,9523,11279,24249,25966,21358,24531,  20,-253,  21,0,70,375900
14:50:47.491 R,8678,8785,9524,11278,8678,8785,9524,11278,24248,25965,21354,24534,  21,-253,  22,0,70,475900
14:50:47.491 R,8676,8785,9523,11280,8676,8785,9523,11280,24246,25964,21353,24531,  21,-253,  22,0,70,575900
14:50:47.641 R,8678,8785,9523,11276,8678,8785,9523,11276,24246,25960,21359,24533,  21,-253,  21,0,70,675900
14:50:47.641 R,8677,8789,9523,11278,8677,8789,9523,11278,24244,25958,21356,24529,  20,-254,  21,0,70,e75970
14:50:47.641 R,8675,8787,9525,11290,8675,8787,9525,11290,24245,25959,21355,24530,  20,-253,  21,0,70,f75970
14:50:47.641 R,8676,8786,9526,11281,8676,8786,9526,11281,24242,25957,21354,24529,  21,-253,  21,0,70,075970
14:50:47.641 R,8676,8786,9522,11278,8676,8786,9522,11278,24242,25960,21354,24531,  19,-252,  20,0,70,175970
14:50:47.792 R,8677,8785,9524,11277,8677,8785,9524,11277,24245,25960,21353,24527,  20,-252,  20,0,70,275970
14:50:47.792 R,8679,8790,9525,11279,8679,8790,9525,11279,24243,25956,21357,24527,  13,-250,  22,0,70,976030
14:50:47.792 R,8678,8789,9525,11281,8678,8789,9525,11281,24240,25958,21356,24531,  14,-249,  21,0,70,a76030
14:50:47.792 R,8677,8776,9526,11278,8677,8776,9526,11278,24240,25960,21356,24537,  14,-250,  21,0,70,b76030
14:50:47.792 R,8679,8790,9526,11282,8679,8790,9526,11282,24246,25959,21360,24532,  11,-250,  21,0,70,c76030
14:50:47.942 R,8677,8791,9527,11285,8677,8791,9527,11285,24243,25965,21359,24537,  12,-250,  19,0,70,d76030
14:50:47.942 R,8678,8793,9529,11303,8678,8793,9529,11303,24244,25962,21364,24535,  14,-249,  17,0,70,e76030
14:50:47.942 R,8679,8793,9529,11289,8679,8793,9529,11289,24243,25960,21363,24542,  19,-247,   8,0,70,476080
14:50:47.942 R,8679,8793,9526,11289,8679,8793,9526,11289,24244,25964,21361,24543,  23,-249,   6,0,70,576080
14:50:47.942 R,8680,8794,9527,11291,8680,8794,9527,11291,24247,25965,21361,24541,  27,-252,   4,0,70,676080
14:50:48.092 R,8680,8794,9528,11290,8680,8794,9528,11290,24248,25965,21362,24544,  32,-252,   2,0,70,776080
14:50:48.092 R,8681,8792,9528,11292,8681,8792,9528,11292,24252,25969,21361,24546,  33,-253,  -1,0,70,876080
14:50:48.092 R,8681,8799,9535,11302,8681,8799,9535,11302,24246,25972,21366,24555,  23,-256, -15,0,70,076150
14:50:48.092 R,8680,8798,9534,11302,8680,8798,9534,11302,24248,25975,21367,24557,  23,-257, -18,0,70,176150
14:50:48.092 R,8683,8800,9533,11304,8683,8800,9533,11304,24247,25976,21371,24560,  22,-256, -20,0,70,276150
14:50:48.417 R,8699,8806,9558,11326,8699,8806,9558,11326,24247,25974,21372,24559,  21,-257, -21,0,70,376150
14:50:48.417 R,8681,8801,9537,11304,8681,8801,9537,11304,24242,25976,21373,24568,  21,-260, -21,0,70,476150
14:50:48.417 R,8679,8804,9534,11303,8679,8804,9534,11303,24242,25976,21373,24568,   8,-255, -17,0,70,c76220
14:50:48.417 R,8677,8798,9531,11299,8677,8798,9531,11299,24238,25976,21373,24563,   6,-255, -16,0,70,d76220
14:50:48.417 R,8674,8797,9532,11298,8674,8797,9532,11298,24236,25976,21368,24557,   4,-256, -14,0,70,e76220
14:50:48.417 R,8675,8794,9530,11296,8675,8794,9530,11296,24232,25973,21372,24555,   4,-254, -14,0,70,f76220
14:50:48.542 R,8675,8803,9518,11308,8675,8803,9518,11308,24229,25973,21368,24556,   3,-252, -13,0,70,076220
14:50:48.542 R,8663,8792,9524,11288,8663,8792,9524,11288,24218,25971,21363,24547,  -3,-252, -15,0,70,776280
14:50:48.542 R,8664,8792,9524,11290,8664,8792,9524,11290,24214,25969,21367,24546,  -2,-252, -16,0,70,876280
14:50:48.542 R,8664,8790,9521,11288,8664,8790,9521,11288,24214,25962,21366,24550,  -1,-253, -18,0,70,976280
14:50:48.542 R,8663,8793,9522,11288,8663,8793,9522,11288,24211,25968,21363,24546,  -2,-254, -19,0,70,a76280
14:50:48.692 R,8669,8807,9532,11311,8669,8807,9532,11311,24213,25970,21367,24550,  -4,-253, -19,0,70,b76280
14:50:48.692 R,8661,8795,9520,11292,8661,8795,9520,11292,24205,25959,21363,24549,  -7,-256, -23,0,70,276340
14:50:48.692 R,8661,8793,9522,11291,8661,8793,9522,11291,24208,25956,21368,24551,  -6,-256, -22,0,70,376340
14:50:48.692 R,8662,8794,9522,11293,8662,8794,9522,11293,24207,25957,21365,24548,  -6,-254, -23,0,70,476340
14:50:48.692 R,8660,8791,9519,11289,8660,8791,9519,11289,24207,25956,21365,24546,  -5,-254, -23,0,70,576340
14:50:48.842 R,8662,8793,9520,11292,8662,8793,9520,11292,24211,25954,21366,24546,  -7,-255, -22,0,70,676340
14:50:48.842 R,8651,8793,9521,11292,8651,8793,9521,11292,24209,25957,21358,24542,  -9,-257, -20,0,70,776340
14:50:48.842 R,8665,8792,9520,11292,8665,8792,9520,11292,24213,25949,21364,24541, -12,-250, -13,0,70,d76390
14:50:48.842 R,8664,8792,9521,11289,8664,8792,9521,11289,24212,25949,21362,24543, -14,-250, -10,0,70,e76390
14:50:48.842 R,8662,8793,9519,11290,8662,8793,9519,11290,24210,25944,21361,24541, -16,-250,  -9,0,70,f76390
14:50:48.992 R,8665,8795,9520,11292,8665,8795,9520,11292,24210,25947,21362,24541, -15,-252,  -9,0,70,076390
14:50:48.992 R,8666,8795,9520,11290,8666,8795,9520,11290,24216,25954,21364,24549, -13,-252,  -9,0,70,176390
14:50:48.992 R,8669,8797,9522,11295,8669,8797,9522,11295,24221,25948,21368,24550,  -5,-256,  -8,0,70,976460
14:50:48.992 R,8671,8798,9521,11297,8671,8798,9521,11297,24224,25947,21367,24551,  -5,-257,  -7,0,70,a76460
14:50:48.992 R,8670,8798,9527,11297,8670,8798,9527,11297,24220,25947,21369,24552,  -6,-255,  -4,0,70,b76460
14:50:49.142 R,8673,8796,9521,11296,8673,8796,9521,11296,24225,25949,21369,24549,  -7,-255,  -4,0,70,c76460
14:50:49.142 R,8672,8798,9522,11301,8672,8798,9522,11301,24225,25949,21368,24551,  -6,-254,  -5,0,70,d76460
14:50:49.142 R,8676,8804,9526,11307,8676,8804,9526,11307,24231,25955,21372,24557,  -9,-253,  -1,0,70,476520
14:50:49.142 R,8676,8804,9525,11302,8676,8804,9525,11302,24230,25954,21373,24559,  -9,-252,  -2,0,70,576520
14:50:49.142 R,8678,8805,9528,11306,8678,8805,9528,11306,24235,25951,21374,24559,  -8,-252,  -2,0,70,676520
14:50:49.142 R,8677,8806,9527,11304,8677,8806,9527,11304,24234,25952,21375,24561,  -9,-253,  -2,0,70,776520
14:50:49.292 R,8679,8807,9527,11305,8679,8807,9527,11305,24236,25956,21378,24561, -10,-252,  -1,0,70,876520
14:50:49.292 R,8678,8794,9519,11294,8678,8794,9519,11294,24232,25947,21361,24542, -12,-254,  -3,0,70,176600
14:50:49.292 R,8676,8796,9520,11291,8676,8796,9520,11291,24231,25942,21360,24542, -14,-253,  -2,0,70,276600
14:50:49.292 R,8675,8795,9519,11290,8675,8795,9519,11290,24231,25938,21364,24537, -15,-253,  -3,0,70,376600
14:50:49.292 R,8675,8793,9520,11288,8675,8793,9520,11288,24229,25939,21363,24538, -15,-253,  -3,0,70,476600
14:50:49.442 R,8671,8792,9516,11288,8671,8792,9516,11288,24228,25934,21360,24539, -14,-253,  -3,0,70,576600
14:50:49.442 R,8669,8791,9515,11284,8669,8791,9515,11284,24222,25934,21358,24534, -12,-255,  -2,0,70,c76660
14:50:49.442 R,8668,8792,9515,11287,8668,8792,9515,11287,24222,25934,21353,24532, -13,-254,  -1,0,70,d76660
14:50:49.442 R,8670,8788,9517,11285,8670,8788,9517,11285,24223,25938,21357,24540, -11,-254,  -1,0,70,e76660
14:50:49.442 R,8669,8791,9514,11285,8669,8791,9514,11285,24221,25927,21354,24532, -12,-253,  -2,0,70,f76660
14:50:49.591 R,8670,8791,9515,11284,8670,8791,9515,11284,24222,25929,21354,24531, -10,-253,  -2,0,70,076660
14:50:49.591 R,8670,8791,9514,11284,8670,8791,9514,11284,24222,25932,21356,24533, -11,-254,  -1,0,70,176660
14:50:49.591 R,8670,8792,9517,11285,8670,8792,9517,11285,24222,25926,21349,24527,  -8,-254,   1,0,70,776710
14:50:49.591 R,8672,8790,9517,11285,8672,8790,9517,11285,24222,25928,21355,24530,  -8,-253,   1,0,70,876710
14:50:49.591 R,8672,8792,9513,11289,8672,8792,9513,11289,24223,25931,21353,24532,  -8,-253,   1,0,70,976710
14:50:49.742 R,8674,8795,9519,11290,8674,8795,9519,11290,24222,25928,21358,24531,  -7,-253,   1,0,70,a76710
14:50:49.742 R,8673,8791,9515,11286,8673,8791,9515,11286,24220,25928,21354,24533,  -8,-253,   1,0,70,b76710
14:50:49.742 R,8672,8796,9518,11293,8672,8796,9518,11293,24229,25934,21359,24538,  -6,-254,   0,0,70,376780
14:50:49.742 R,8661,8787,9521,11273,8661,8787,9521,11273,24228,25933,21355,24535,  -7,-254,   0,0,70,476780
14:50:49.742 R,8672,8796,9520,11293,8672,8796,9520,11293,24227,25931,21361,24540,  -7,-254,   0,0,70,576780
14:50:49.742 R,8676,8795,9520,11294,8676,8795,9520,11294,24227,25932,21360,24538,  -7,-255,  -1,0,70,676780
14:50:49.890 R,8675,8787,9517,11289,8675,8787,9517,11289,24231,25931,21361,24539,  -7,-255,  -1,0,70,776780
14:50:49.890 R,8679,8803,9523,11306,8679,8803,9523,11306,24233,25938,21371,24552, -12,-252,  -1,0,70,276880
14:50:49.890 R,8676,8811,9507,11298,8676,8811,9507,11298,24234,25942,21370,24553, -13,-251,  -1,0,70,376880
14:50:49.890 R,8679,8804,9524,11304,8679,8804,9524,11304,24229,25940,21370,24555, -17,-251,   0,0,70,476880
14:50:49.890 R,8679,8806,9523,11308,8679,8806,9523,11308,24232,25943,21372,24558, -19,-250,   0,0,70,576880
14:50:50.041 R,8671,8794,9504,11281,8671,8794,9504,11281,24231,25943,21375,24560, -19,-251,   0,0,70,676880
14:50:50.041 R,8679,8800,9523,11304,8679,8800,9523,11304,24227,25941,21369,24551, -18,-249,  -4,0,70,c76930
14:50:50.041 R,8678,8802,9523,11298,8678,8802,9523,11298,24228,25939,21366,24551, -16,-253,  -6,0,70,d76930
14:50:50.041 R,8682,8810,9509,11308,8682,8810,9509,11308,24226,25934,21365,24550, -13,-254,  -8,0,70,e76930
14:50:50.041 R,8674,8796,9517,11292,8674,8796,9517,11292,24225,25934,21361,24546, -11,-255, -10,0,70,f76930
14:50:50.192 R,8675,8796,9519,11291,8675,8796,9519,11291,24223,25936,21360,24542, -11,-255, -10,0,70,076930
14:50:50.192 R,8666,8795,9513,11291,8666,8795,9513,11291,24210,25929,21357,24539, -12,-257, -18,0,70,877000
14:50:50.192 R,8664,8793,9515,11292,8664,8793,9515,11292,24205,25927,21359,24542, -13,-254, -18,0,70,977000
14:50:50.192 R,8663,8792,9513,11289,8663,8792,9513,11289,24205,25928,21357,24541, -15,-253, -17,0,70,a77000
14:50:50.192 R,8661,8791,9514,11289,8661,8791,9514,11289,24202,25931,21357,24540, -15,-255, -19,0,70,b77000
14:50:50.341 R,8663,8792,9516,11292,8663,8792,9516,11292,24204,25932,21358,24542, -14,-253, -20,0,70,c77000
14:50:50.341 R,8661,8793,9511,11293,8661,8793,9511,11293,24203,25927,21361,24546, -14,-252, -20,0,70,d77000
14:50:50.341 R,8660,8800,9518,11298,8660,8800,9518,11298,24197,25935,21365,24550, -18,-256, -17,0,70,377050
14:50:50.341 R,8661,8799,9516,11299,8661,8799,9516,11299,24193,25936,21366,24551, -20,-255, -17,0,70,477050
14:50:50.341 R,8659,8799,9519,11298,8659,8799,9519,11298,24190,25941,21366,24550, -22,-254, -18,0,70,577050
14:50:50.492 R,8660,8798,9518,11299,8660,8798,9518,11299,24192,25945,21366,24553, -22,-254, -18,0,70,677050
14:50:50.492 R,8658,8800,9515,11301,8658,8800,9515,11301,24192,25939,21370,24552, -23,-253, -19,0,70,777050
14:50:50.492 R,8658,8807,9520,11311,8658,8807,9520,11311,24188,25943,21379,24565, -35,-250, -16,0,70,177140
14:50:50.492 R,8661,8809,9532,11313,8661,8809,9532,11313,24182,25946,21380,24572, -37,-252, -17,0,70,277140
14:50:50.492 R,8658,8808,9523,11311,8658,8808,9523,11311,24182,25944,21382,24566, -38,-251, -16,0,70,377140
14:50:50.492 R,8657,8807,9525,11315,8657,8807,9525,11315,24181,25944,21383,24571, -40,-250, -16,0,70,477140
14:50:50.642 R,8658,8813,9523,11314,8658,8813,9523,11314,24181,25945,21385,24573, -40,-251, -15,0,70,577140
14:50:50.642 R,8658,8816,9526,11325,8658,8816,9526,11325,24182,25952,21393,24583, -41,-250, -13,0,70,c77200
14:50:50.642 R,8656,8817,9526,11324,8656,8817,9526,11324,24182,25948,21392,24581, -41,-248, -13,0,70,d77200
14:50:50.642 R,8657,8818,9525,11326,8657,8818,9525,11326,24183,25950,21397,24586, -42,-249, -13,0,70,e77200
14:50:50.642 R,8659,8820,9526,11326,8659,8820,9526,11326,24183,25948,21393,24582, -43,-249, -13,0,70,f77200
14:50:50.792 R,8660,8820,9529,11327,8660,8820,9529,11327,24184,25953,21398,24585, -44,-249, -13,0,70,077200
14:50:50.792 R,8657,8815,9523,11323,8657,8815,9523,11323,24177,25950,21395,24587, -49,-249, -14,0,70,777260
14:50:50.792 R,8641,8806,9522,11301,8641,8806,9522,11301,24173,25948,21393,24578, -50,-250, -14,0,70,877260
14:50:50.792 R,8654,8813,9521,11318,8654,8813,9521,11318,24173,25945,21393,24578, -50,-249, -14,0,70,977260
14:50:50.792 R,8653,8810,9518,11316,8653,8810,9518,11316,24170,25940,21389,24572, -50,-248, -14,0,70,a77260
14:50:50.942 R,8651,8810,9517,11312,8651,8810,9517,11312,24169,25939,21390,24572, -51,-248, -14,0,70,b77260
14:50:50.942 R,8645,8807,9514,11306,8645,8807,9514,11306,24158,25937,21385,24573, -52,-248, -13,0,70,277320
14:50:50.942 R,8645,8807,9512,11306,8645,8807,9512,11306,24156,25935,21384,24565, -52,-248, -14,0,70,377320
14:50:50.942 R,8644,8807,9513,11308,8644,8807,9513,11308,24157,25931,21382,24566, -51,-249, -14,0,70,477320
14:50:50.942 R,8642,8808,9509,11307,8642,8808,9509,11307,24157,25931,21382,24562, -51,-248, -14,0,70,577320
14:50:51.093 R,8644,8810,9514,11307,8644,8810,9514,11307,24153,25929,21384,24563, -51,-249, -15,0,70,677320
14:50:51.093 R,8643,8806,9514,11308,8643,8806,9514,11308,24150,25923,21380,24559, -51,-248, -15,0,70,777320
14:50:51.093 R,8640,8809,9510,11309,8640,8809,9510,11309,24151,25928,21383,24567, -54,-248, -14,0,70,d77370
14:50:51.093 R,8644,8808,9514,11313,8644,8808,9514,11313,24154,25927,21386,24565, -55,-248, -13,0,70,e77370
14:50:51.093 R,8642,8809,9512,11310,8642,8809,9512,11310,24150,25927,21388,24566, -56,-248, -14,0,70,f77370
14:50:51.241 R,8641,8809,9513,11312,8641,8809,9513,11312,24149,25924,21385,24567, -54,-248, -14,0,70,077370
14:50:51.241 R,8643,8808,9511,11311,8643,8808,9511,11311,24149,25927,21386,24568, -56,-249, -14,0,70,177370
14:50:51.241 R,8642,8813,9514,11314,8642,8813,9514,11314,24140,25923,21384,24559, -57,-246, -15,0,70,977440
14:50:51.241 R,8643,8815,9516,11315,8643,8815,9516,11315,24144,25934,21390,24569, -57,-247, -14,0,70,a77440
14:50:51.241 R,8640,8814,9514,11315,8640,8814,9514,11315,24146,25932,21391,24571, -58,-246, -15,0,70,b77440
14:50:51.241 R,8643,8821,9512,11322,8643,8821,9512,11322,24148,25932,21390,24573, -58,-247, -15,0,70,c77440
14:50:51.564 R,8640,8814,9517,11316,8640,8814,9517,11316,24147,25936,21390,24575, -58,-247, -15,0,70,d77440
14:50:51.564 R,8643,8818,9520,11326,8643,8818,9520,11326,24144,25945,21399,24584, -62,-247, -16,0,70,577510
14:50:51.564 R,8642,8822,9520,11325,8642,8822,9520,11325,24146,25945,21404,24585, -62,-247, -15,0,70,677510
14:50:51.564 R,8641,8822,9522,11328,8641,8822,9522,11328,24147,25947,21404,24586, -63,-247, -16,0,70,777510
14:50:51.564 R,8641,8822,9524,11329,8641,8822,9524,11329,24149,25945,21410,24592, -64,-246, -16,0,70,877510
14:50:51.564 R,8643,8823,9521,11330,8643,8823,9521,11330,24148,25951,21407,24588, -64,-247, -16,0,70,977510
14:50:51.566 R,8645,8829,9528,11337,8645,8829,9528,11337,24146,25963,21415,24597, -71,-245, -15,0,70,177580
14:50:51.566 R,8645,8829,9525,11336,8645,8829,9525,11336,24147,25958,21410,24594, -71,-245, -15,0,70,277580
14:50:51.566 R,8646,8828,9527,11334,8646,8828,9527,11334,24148,25962,21409,24596, -73,-244, -15,0,70,377580
14:50:51.566 R,8643,8822,9524,11329,8643,8822,9524,11329,24149,25958,21402,24588, -73,-244, -15,0,70,477580
14:50:51.692 R,8641,8824,9523,11326,8641,8824,9523,11326,24144,25953,21404,24584, -71,-245, -15,0,70,577580
14:50:51.692 R,8639,8819,9520,11324,8639,8819,9520,11324,24141,25955,21400,24581, -71,-244, -14,0,70,677580
14:50:51.692 R,8637,8807,9509,11309,8637,8807,9509,11309,24140,25930,21384,24564, -56,-252, -20,0,70,d77640
14:50:51.692 R,8632,8797,9520,11291,8632,8797,9520,11291,24137,25929,21379,24561, -60,-252, -20,0,70,e77640
14:50:51.692 R,8638,8807,9508,11308,8638,8807,9508,11308,24140,25925,21380,24563, -65,-249, -20,0,70,f77640
14:50:51.843 R,8637,8805,9507,11305,8637,8805,9507,11305,24138,25924,21376,24559, -72,-247, -20,0,70,077640
14:50:51.843 R,8633,8807,9507,11304,8633,8807,9507,11304,24137,25922,21381,24557, -82,-241, -19,0,70,177640
14:50:51.843 R,8636,8804,9500,11301,8636,8804,9500,11301,24134,25907,21376,24559, -86,-250, -17,0,70,877700
14:50:51.843 R,8634,8804,9499,11305,8634,8804,9499,11305,24132,25903,21374,24557, -85,-251, -13,0,70,977700
14:50:51.843 R,8633,8805,9500,11305,8633,8805,9500,11305,24134,25904,21380,24559, -83,-249,  -9,0,70,a77700
14:50:52.163 R,8635,8804,9500,11304,8635,8804,9500,11304,24135,25898,21377,24557, -80,-249,  -8,0,70,b77700
14:50:52.163 R,8634,8804,9500,11306,8634,8804,9500,11306,24130,25901,21375,24557, -74,-246,  -8,0,70,c77700
14:50:52.163 R,8627,8792,9501,11283,8627,8792,9501,11283,24144,25897,21363,24546, -54,-247,  -3,0,70,377760
14:50:52.163 R,8641,8800,9500,11304,8641,8800,9500,11304,24146,25897,21368,24551, -52,-248,  -3,0,70,477760
14:50:52.163 R,8644,8801,9506,11308,8644,8801,9506,11308,24148,25902,21369,24551, -49,-249,  -5,0,70,577760
14:50:52.163 R,8645,8789,9523,11298,8645,8789,9523,11298,24148,25900,21371,24552, -46,-249,  -4,0,70,677760
14:50:52.165 R,8642,8800,9502,11304,8642,8800,9502,11304,24151,25901,21368,24553, -44,-250,  -3,0,70,777760
14:50:52.165 R,8649,8803,9505,11304,8649,8803,9505,11304,24158,25896,21365,24547, -36,-250,   4,0,70,e77820
14:50:52.165 R,8652,8802,9507,11306,8652,8802,9507,11306,24162,25901,21369,24557, -34,-249,   3,0,70,f77820
14:50:52.165 R,8651,8806,9508,11311,8651,8806,9508,11311,24168,25906,21368,24558, -34,-248,   4,0,70,077820
14:50:52.165 R,8654,8808,9507,11307,8654,8808,9507,11307,24167,25902,21371,24558, -34,-249,   4,0,70,177820
14:50:52.292 R,8651,8803,9507,11308,8651,8803,9507,11308,24168,25904,21371,24561, -35,-249,   4,0,70,277820
14:50:52.292 R,8658,8808,9508,11312,8658,8808,9508,11312,24181,25906,21369,24559, -39,-248,   5,0,70,a77890
14:50:52.292 R,8666,8806,9534,11313,8666,8806,9534,11313,24178,25901,21372,24564, -38,-250,   2,0,70,b77890
14:50:52.292 R,8660,8806,9512,11314,8660,8806,9512,11314,24180,25907,21371,24559, -40,-249,   0,0,70,c77890
14:50:52.292 R,8668,8815,9511,11318,8668,8815,9511,11318,24181,25907,21371,24565, -41,-249,  -2,0,70,d77890
14:50:52.441 R,8663,8809,9522,11331,8663,8809,9522,11331,24183,25909,21372,24563, -42,-248,  -3,0,70,e77890
14:50:52.441 R,8660,8808,9510,11315,8660,8808,9510,11315,24185,25909,21373,24564, -41,-252,  -6,0,70,f77890
14:50:52.441 R,8661,8799,9506,11305,8661,8799,9506,11305,24184,25900,21365,24560, -37,-255, -13,0,70,577940
14:50:52.441 R,8661,8799,9504,11302,8661,8799,9504,11302,24184,25897,21359,24552, -37,-256, -12,0,70,677940
14:50:52.441 R,8659,8798,9504,11299,8659,8798,9504,11299,24184,25897,21357,24551, -35,-253, -12,0,70,777940
14:50:52.591 R,8657,8796,9502,11295,8657,8796,9502,11295,24181,25896,21351,24546, -35,-253, -11,0,70,877940
14:50:52.591 R,8658,8794,9501,11295,8658,8794,9501,11295,24180,25891,21348,24541, -33,-252, -12,0,70,977940
14:50:52.591 R,8655,8789,9495,11288,8655,8789,9495,11288,24179,25881,21345,24540, -31,-252,  -4,0,70,078000
14:50:52.591 R,8656,8789,9495,11286,8656,8789,9495,11286,24178,25878,21345,24535, -30,-251,  -4,0,70,178000
14:50:52.591 R,8657,8789,9495,11285,8657,8789,9495,11285,24175,25876,21344,24536, -28,-250,  -4,0,70,278000
14:50:52.742 R,8654,8787,9494,11286,8654,8787,9494,11286,24183,25885,21345,24545, -27,-252,  -3,0,70,378000
14:50:52.742 R,8654,8789,9495,11287,8654,8789,9495,11287,24178,25877,21343,24533, -27,-252,  -1,0,70,478000
14:50:52.742 R,8645,8788,9495,11288,8645,8788,9495,11288,24184,25880,21341,24531, -15,-253,   3,0,69,b78060
14:50:52.742 R,8659,8786,9498,11288,8659,8786,9498,11288,24183,25877,21347,24534, -15,-253,   5,0,69,c78060
14:50:52.742 R,8659,8788,9497,11284,8659,8788,9497,11284,24184,25879,21343,24531, -17,-253,   5,0,69,d78060
14:50:52.742 R,8657,8789,9500,11288,8657,8789,9500,11288,24182,25881,21341,24535, -18,-254,   7,0,69,e78060
14:50:52.891 R,8650,8776,9477,11276,8650,8776,9477,11276,24178,25876,21341,24530, -16,-252,   6,0,69,f78060
14:50:52.891 R,8659,8791,9501,11290,8659,8791,9501,11290,24186,25887,21347,24535, -18,-253,   8,0,69,778130
14:50:52.891 R,8662,8794,9505,11290,8662,8794,9505,11290,24182,25888,21348,24537, -18,-254,   9,0,69,878130
14:50:52.891 R,8660,8793,9504,11291,8660,8793,9504,11291,24185,25893,21347,24536, -15,-253,   9,0,69,978130
14:50:52.891 R,8661,8791,9505,11291,8661,8791,9505,11291,24187,25888,21350,24536, -16,-255,   9,0,69,a78130
14:50:53.041 R,8664,8792,9507,11293,8664,8792,9507,11293,24182,25890,21349,24536, -16,-254,  10,0,69,b78130
14:50:53.041 R,8664,8796,9508,11301,8664,8796,9508,11301,24190,25895,21351,24546, -16,-254,  10,0,69,278190
14:50:53.041 R,8665,8798,9507,11297,8665,8798,9507,11297,24191,25901,21354,24547, -15,-254,  11,0,69,378190
14:50:53.041 R,8666,8798,9508,11300,8666,8798,9508,11300,24192,25898,21353,24546, -16,-252,  12,0,69,478190
14:50:53.041 R,8668,8801,9507,11299,8668,8801,9507,11299,24192,25903,21355,24547, -14,-253,  12,0,69,578190
14:50:53.192 R,8667,8799,9512,11304,8667,8799,9512,11304,24194,25895,21357,24548, -14,-252,  12,0,69,678190
14:50:53.192 R,8664,8800,9509,11303,8664,8800,9509,11303,24198,25907,21357,24555, -15,-252,  11,0,69,778190
14:50:53.192 R,8667,8801,9511,11306,8667,8801,9511,11306,24196,25909,21359,24556, -14,-254,  13,0,69,d78240
14:50:53.192 R,8671,8803,9515,11303,8671,8803,9515,11303,24202,25909,21362,24556, -14,-255,  13,0,69,e78240
14:50:53.192 R,8669,8799,9512,11303,8669,8799,9512,11303,24199,25906,21358,24553, -15,-255,  13,0,69,f78240
14:50:53.342 R,8678,8799,9510,11299,8678,8799,9510,11299,24200,25911,21360,24556, -15,-256,  14,0,69,078240
14:50:53.342 R,8665,8794,9511,11295,8665,8794,9511,11295,24199,25902,21354,24544, -14,-255,  12,0,69,178240
14:50:53.342 R,8660,8789,9503,11285,8660,8789,9503,11285,24186,25896,21343,24532, -16,-255,  12,0,69,878300
14:50:53.342 R,8660,8790,9503,11284,8660,8790,9503,11284,24181,25895,21343,24531, -17,-255,  12,0,69,978300
14:50:53.342 R,8656,8787,9502,11282,8656,8787,9502,11282,24182,25893,21343,24529, -18,-254,  12,0,69,a78300
14:50:53.342 R,8671,8788,9527,11282,8671,8788,9527,11282,24179,25895,21341,24535, -19,-253,  12,0,69,b78300
14:50:53.492 R,8655,8789,9501,11282,8655,8789,9501,11282,24180,25898,21344,24528, -18,-254,  13,0,69,c78300
14:50:53.492 R,8655,8789,9503,11283,8655,8789,9503,11283,24176,25894,21345,24526, -18,-255,  11,0,69,478370
14:50:53.492 R,8654,8786,9502,11284,8654,8786,9502,11284,24176,25893,21347,24529, -17,-253,  12,0,69,578370
14:50:53.492 R,8659,8787,9502,11281,8659,8787,9502,11281,24175,25892,21342,24528, -17,-253,  13,0,69,678370
14:50:53.492 R,8653,8790,9503,11284,8653,8790,9503,11284,24177,25891,21346,24530, -18,-253,  13,0,69,778370
14:50:53.818 R,8656,8787,9502,11284,8656,8787,9502,11284,24175,25895,21345,24530, -18,-254,  13,0,69,878370
14:50:53.818 R,8657,8791,9505,11293,8657,8791,9505,11293,24177,25897,21347,24532, -18,-254,  11,0,70,f78430
14:50:53.818 R,8657,8790,9507,11285,8657,8790,9507,11285,24180,25897,21347,24537, -18,-254,  12,0,70,078430
14:50:53.818 R,8655,8791,9503,11285,8655,8791,9503,11285,24180,25900,21350,24534, -19,-254,  12,0,70,178430
14:50:53.818 R,8658,8791,9505,11287,8658,8791,9505,11287,24179,25896,21345,24530, -19,-253,  13,0,70,278430
14:50:53.818 R,8657,8791,9504,11287,8657,8791,9504,11287,24173,25892,21351,24537, -18,-253,  13,0,70,378430
14:50:53.821 R,8661,8795,9506,11294,8661,8795,9506,11294,24182,25905,21353,24540, -15,-254,  14,0,70,a78490
14:50:53.821 R,8666,8784,9529,11290,8666,8784,9529,11290,24183,25900,21353,24543, -16,-253,  15,0,70,b78490
14:50:53.821 R,8660,8796,9505,11295,8660,8796,9505,11295,24186,25904,21353,24542, -15,-254,  14,0,70,c78490
14:50:53.821 R,8661,8794,9508,11296,8661,8794,9508,11296,24186,25904,21359,24543, -15,-253,  14,0,70,d78490
14:50:53.941 R,8662,8797,9509,11298,8662,8797,9509,11298,24188,25906,21355,24543, -15,-254,  14,0,70,e78490
14:50:53.941 R,8662,8798,9508,11297,8662,8798,9508,11297,24187,25908,21357,24546, -15,-254,  15,0,70,f78490
14:50:53.941 R,8667,8801,9516,11305,8667,8801,9516,11305,24196,25915,21362,24555, -15,-253,  15,0,70,678550
14:50:53.941 R,8666,8802,9514,11304,8666,8802,9514,11304,24195,25918,21364,24553, -15,-253,  16,0,70,778550
14:50:53.941 R,8668,8803,9517,11303,8668,8803,9517,11303,24192,25916,21363,24556, -14,-254,  15,0,70,878550
14:50:54.092 R,8670,8800,9514,11305,8670,8800,9514,11305,24197,25913,21364,24554, -12,-255,  14,0,70,978550
14:50:54.092 R,8667,8797,9512,11299,8667,8797,9512,11299,24197,25913,21363,24556, -13,-255,  15,0,70,a78550
14:50:54.092 R,8659,8786,9503,11280,8659,8786,9503,11280,24183,25893,21341,24526, -12,-252,  15,0,70,278620
14:50:54.092 R,8659,8783,9503,11281,8659,8783,9503,11281,24179,25890,21344,24528, -11,-254,  15,0,70,378620
14:50:54.092 R,8658,8785,9500,11280,8658,8785,9500,11280,24183,25893,21342,24528, -12,-253,  15,0,70,478620
14:50:54.092 R,8656,8783,9499,11277,8656,8783,9499,11277,24177,25895,21341,24523, -14,-254,  16,0,70,578620
14:50:54.242 R,8655,8782,9501,11278,8655,8782,9501,11278,24179,25893,21339,24527, -14,-254,  15,0,70,678620
14:50:54.242 R,8659,8770,9522,11275,8659,8770,9522,11275,24177,25892,21340,24522, -15,-253,  14,0,70,e78690
14:50:54.242 R,8653,8784,9499,11276,8653,8784,9499,11276,24173,25893,21337,24519, -15,-255,  14,0,70,f78690
14:50:54.242 R,8654,8781,9499,11274,8654,8781,9499,11274,24172,25889,21340,24518, -17,-255,  14,0,70,078690
14:50:54.242 R,8653,8783,9500,11276,8653,8783,9500,11276,24169,25893,21340,24521, -17,-252,  14,0,70,178690
14:50:54.392 R,8654,8784,9500,11276,8654,8784,9500,11276,24172,25892,21338,24521, -15,-255,  14,0,70,278690
14:50:54.392 R,8653,8775,9502,11257,8653,8775,9502,11257,24176,25894,21343,24524, -15,-253,  15,0,70,978750
14:50:54.392 R,8653,8784,9502,11278,8653,8784,9502,11278,24174,25891,21345,24524, -14,-252,  15,0,70,a78750
14:50:54.392 R,8652,8784,9501,11281,8652,8784,9501,11281,24176,25895,21347,24523, -14,-254,  15,0,70,b78750
14:50:54.392 R,8654,8786,9503,11280,8654,8786,9503,11280,24175,25895,21346,24526, -14,-254,  15,0,70,c78750
14:50:54.542 R,8642,8773,9481,11253,8642,8773,9481,11253,24180,25895,21343,24521, -13,-253,  15,0,70,d78750
14:50:54.542 R,8660,8790,9506,11287,8660,8790,9506,11287,24184,25900,21351,24537, -12,-255,  15,0,70,778840
14:50:54.542 R,8657,8795,9489,11280,8657,8795,9489,11280,24181,25906,21351,24538, -11,-254,  15,0,70,878840
14:50:54.542 R,8659,8791,9507,11289,8659,8791,9507,11289,24183,25903,21354,24540, -11,-254,  15,0,70,978840
14:50:54.542 R,8662,8791,9510,11288,8662,8791,9510,11288,24182,25905,21351,24536, -11,-254,  15,0,70,a78840
14:50:54.692 R,8661,8793,9508,11288,8661,8793,9508,11288,24186,25905,21352,24539, -11,-253,  16,0,70,b78840
14:50:54.692 R,8668,8803,9513,11301,8668,8803,9513,11301,24188,25905,21355,24542, -11,-254,  15,0,70,c78840
14:50:54.692 R,8665,8796,9513,11298,8665,8796,9513,11298,24196,25915,21360,24549, -11,-253,  15,0,70,278890
14:50:54.692 R,8664,8797,9512,11297,8664,8797,9512,11297,24191,25912,21362,24547, -11,-255,  15,0,70,378890
14:50:54.692 R,8667,8799,9514,11298,8667,8799,9514,11298,24193,25917,21362,24548, -12,-254,  15,0,70,478890
14:50:54.842 R,8663,8801,9515,11300,8663,8801,9515,11300,24189,25922,21363,24550, -12,-254,  15,0,70,578890
14:50:54.842 R,8667,8800,9517,11302,8667,8800,9517,11302,24193,25916,21365,24552, -11,-253,  14,0,70,678890
14:50:54.842 R,8664,8789,9510,11287,8664,8789,9510,11287,24193,25912,21357,24540, -12,-255,  17,0,70,d78950
14:50:54.842 R,8673,8803,9518,11307,8673,8803,9518,11307,24193,25911,21354,24540, -10,-254,  18,0,70,e78950
14:50:54.842 R,8662,8787,9507,11282,8662,8787,9507,11282,24190,25909,21349,24533, -10,-251,  18,0,70,f78950
14:50:54.842 R,8662,8786,9505,11278,8662,8786,9505,11278,24190,25909,21350,24531, -10,-251,  19,0,70,078950
14:50:54.991 R,8661,8787,9504,11277,8661,8787,9504,11277,24186,25903,21347,24528, -12,-252,  18,0,70,178950
14:50:54.991 R,8656,8783,9501,11271,8656,8783,9501,11271,24179,25898,21341,24520, -13,-254,  18,0,70,879010
14:50:54.991 R,8655,8782,9502,11274,8655,8782,9502,11274,24179,25899,21342,24519, -13,-255,  17,0,70,979010
14:50:54.991 R,8655,8780,9502,11275,8655,8780,9502,11275,24177,25896,21340,24519, -14,-254,  16,0,70,a79010
14:50:54.991 R,8657,8782,9502,11273,8657,8782,9502,11273,24177,25895,21343,24519, -12,-255,  16,0,70,b79010
14:50:55.142 R,8653,8783,9501,11271,8653,8783,9501,11271,24177,25897,21343,24521, -13,-254,  16,0,70,c79010
14:50:55.142 R,8651,8786,9500,11275,8651,8786,9500,11275,24171,25896,21350,24526, -26,-249,  13,0,70,379070
14:50:55.142 R,8661,8776,9515,11280,8661,8776,9515,11280,24173,25895,21347,24523, -26,-248,  13,0,70,479070
14:50:55.142 R,8651,8785,9502,11277,8651,8785,9502,11277,24169,25897,21348,24528, -27,-250,  12,0,70,579070
14:50:55.142 R,8652,8786,9505,11277,8652,8786,9505,11277,24169,25902,21349,24528, -25,-249,  11,0,70,679070
14:50:55.291 R,8651,8784,9502,11276,8651,8784,9502,11276,24168,25898,21346,24525, -21,-246,   8,0,70,779070
14:50:55.291 R,8651,8782,9503,11276,8651,8782,9503,11276,24175,25896,21346,24522, -16,-244,   6,0,70,879070
14:50:55.291 R,8655,8785,9505,11281,8655,8785,9505,11281,24178,25901,21347,24531,   0,-253,   9,0,70,f79130
14:50:55.291 R,8656,8786,9506,11281,8656,8786,9506,11281,24176,25903,21351,24529,   1,-252,   8,0,70,079130
14:50:55.291 R,8658,8787,9506,11283,8658,8787,9506,11283,24178,25902,21349,24530,   4,-251,   5,0,69,179130
14:50:55.442 R,8658,8787,9505,11282,8658,8787,9505,11282,24176,25906,21349,24536,   5,-252,   3,0,69,279130
14:50:55.442 R,8657,8786,9504,11283,8657,8786,9504,11283,24179,25906,21348,24531,   4,-252,   2,0,69,379130
14:50:55.442 R,8658,8790,9510,11292,8658,8790,9510,11292,24181,25903,21345,24532,   8,-260, -15,0,69,a79190
14:50:55.442 R,8658,8791,9505,11291,8658,8791,9505,11291,24182,25907,21356,24545,   5,-260, -18,0,69,b79190
14:50:55.442 R,8659,8794,9519,11313,8659,8794,9519,11313,24182,25909,21355,24547,   4,-261, -20,0,69,c79190
14:50:55.767 R,8657,8793,9506,11295,8657,8793,9506,11295,24186,25909,21357,24550,   5,-260, -20,0,69,d79190
14:50:55.767 R,8658,8793,9510,11298,8658,8793,9510,11298,24178,25907,21359,24556,   6,-259, -21,0,69,e79190
14:50:55.767 R,8658,8799,9511,11303,8658,8799,9511,11303,24177,25914,21371,24564, -22,-254, -26,0,69,579250
14:50:55.767 R,8654,8816,9508,11329,8654,8816,9508,11329,24175,25919,21374,24566, -26,-253, -26,0,69,679250
14:50:55.767 R,8656,8804,9510,11309,8656,8804,9510,11309,24176,25920,21374,24570, -31,-253, -25,0,69,779250
14:50:55.767 R,8655,8807,9514,11309,8655,8807,9514,11309,24171,25919,21377,24569, -36,-253, -25,0,69,879250
14:50:55.891 R,8657,8809,9515,11313,8657,8809,9515,11313,24173,25921,21383,24574, -38,-255, -24,0,69,979250
14:50:55.891 R,8652,8800,9507,11299,8652,8800,9507,11299,24165,25912,21374,24562, -32,-254, -15,0,69,179320
14:50:55.891 R,8651,8797,9507,11298,8651,8797,9507,11298,24168,25921,21372,24560, -27,-252, -16,0,69,279320
14:50:55.891 R,8653,8796,9505,11297,8653,8796,9505,11297,24167,25911,21369,24556, -23,-251, -15,0,69,379320
14:50:55.891 R,8646,8795,9496,11296,8646,8795,9496,11296,24170,25913,21370,24557, -21,-252, -15,0,69,479320
14:50:56.042 R,8653,8796,9505,11295,8653,8796,9505,11295,24165,25908,21363,24551, -18,-252, -14,0,69,579320
14:50:56.042 R,8649,8791,9502,11288,8649,8791,9502,11288,24162,25900,21360,24542, -19,-248,  -1,0,69,d79390
14:50:56.042 R,8648,8794,9501,11287,8648,8794,9501,11287,24166,25905,21361,24543, -19,-248,   0,0,69,e79390
14:50:56.042 R,8648,8792,9502,11288,8648,8792,9502,11288,24165,25906,21369,24547, -19,-248,   1,0,69,f79390
14:50:56.042 R,8648,8792,9503,11288,8648,8792,9503,11288,24160,25902,21363,24541, -19,-249,   3,0,69,079390
14:50:56.192 R,8649,8794,9503,11289,8649,8794,9503,11289,24162,25902,21365,24545, -17,-249,   3,0,69,179390
14:50:56.192 R,8646,8794,9501,11288,8646,8794,9501,11288,24166,25905,21365,24545, -17,-250,   3,0,69,279390
14:50:56.192 R,8651,8796,9505,11294,8651,8796,9505,11294,24164,25906,21367,24548, -15,-257,   4,0,69,879440
14:50:56.192 R,8649,8796,9505,11293,8649,8796,9505,11293,24167,25904,21369,24552, -16,-257,   3,0,69,979440
14:50:56.192 R,8649,8796,9502,11295,8649,8796,9502,11295,24167,25909,21371,24555, -16,-256,   1,0,69,a79440
14:50:56.342 R,8651,8796,9505,11294,8651,8796,9505,11294,24164,25906,21368,24554, -16,-256,   1,0,69,b79440
14:50:56.342 R,8652,8804,9493,11303,8652,8804,9493,11303,24166,25911,21374,24559, -19,-257,   0,0,69,c79440
14:50:56.342 R,8648,8803,9505,11303,8648,8803,9505,11303,24156,25905,21382,24560, -42,-251,   2,0,70,379500
14:50:56.342 R,8647,8803,9504,11301,8647,8803,9504,11301,24158,25907,21385,24564, -42,-250,   3,0,70,479500
14:50:56.342 R,8647,8807,9505,11304,8647,8807,9505,11304,24159,25910,21387,24563, -43,-249,   3,0,70,579500
14:50:56.641 R,8648,8806,9508,11302,8648,8806,9508,11302,24159,25910,21387,24567, -44,-247,   5,0,70,679500
14:50:56.641 R,8647,8807,9508,11306,8647,8807,9508,11306,24156,25911,21385,24562, -43,-248,   4,0,70,779500
14:50:56.641 R,8650,8811,9511,11315,8650,8811,9511,11315,24161,25920,21392,24575, -34,-252,   4,0,70,e79560
14:50:56.641 R,8652,8812,9513,11314,8652,8812,9513,11314,24162,25921,21393,24573, -32,-253,   3,0,70,f79560
14:50:56.641 R,8654,8814,9514,11315,8654,8814,9514,11315,24162,25920,21393,24581, -30,-252,   3,0,70,079560
14:50:56.641 R,8652,8815,9515,11316,8652,8815,9515,11316,24164,25924,21397,24583, -31,-253,   2,0,70,179560
14:50:56.649 R,8653,8816,9512,11318,8653,8816,9512,11318,24161,25916,21398,24581, -31,-254,   3,0,70,279560
14:50:56.649 R,8658,8819,9518,11328,8658,8819,9518,11328,24170,25932,21404,24594, -31,-250,   3,0,70,a79630
14:50:56.649 R,8654,8821,9498,11316,8654,8821,9498,11316,24169,25931,21406,24599, -31,-251,   4,0,70,b79630
14:50:56.649 R,8657,8817,9515,11323,8657,8817,9515,11323,24170,25928,21402,24594, -31,-250,   4,0,70,c79630
14:50:56.649 R,8655,8813,9513,11319,8655,8813,9513,11319,24169,25925,21403,24587, -30,-250,   4,0,70,d79630
14:50:56.791 R,8655,8811,9513,11313,8655,8811,9513,11313,24166,25924,21399,24583, -29,-250,   4,0,70,e79630
14:50:56.791 R,8644,8806,9505,11304,8644,8806,9505,11304,24153,25914,21387,24567, -24,-254,   2,0,70,579690
14:50:56.791 R,8647,8803,9507,11303,8647,8803,9507,11303,24154,25912,21386,24569, -26,-253,   2,0,70,679690
14:50:56.791 R,8645,8803,9505,11302,8645,8803,9505,11302,24153,25912,21386,24567, -26,-254,   2,0,70,779690
14:50:56.791 R,8646,8803,9508,11304,8646,8803,9508,11304,24154,25914,21385,24568, -25,-254,   2,0,70,879690
14:50:56.941 R,8644,8804,9505,11302,8644,8804,9505,11302,24152,25914,21385,24567, -25,-254,   2,0,70,979690
14:50:56.941 R,8644,8804,9505,11301,8644,8804,9505,11301,24153,25913,21388,24567, -26,-254,   2,0,70,a79690
14:50:56.941 R,8643,8807,9506,11305,8643,8807,9506,11305,24149,25910,21385,24569, -21,-254,   1,0,70,079740
14:50:56.941 R,8645,8807,9503,11304,8645,8807,9503,11304,24153,25908,21389,24568, -21,-255,   1,0,70,179740
14:50:56.941 R,8644,8797,9503,11301,8644,8797,9503,11301,24151,25910,21386,24569, -22,-254,   0,0,70,279740
14:50:57.092 R,8644,8807,9506,11306,8644,8807,9506,11306,24152,25909,21386,24568, -22,-255,  -1,0,70,379740
14:50:57.092 R,8646,8804,9505,11306,8646,8804,9505,11306,24152,25911,21390,24572, -23,-254,  -1,0,70,479740
14:50:57.092 R,8645,8808,9505,11307,8645,8808,9505,11307,24152,25910,21390,24569, -24,-254,   0,0,70,c79810
14:50:57.092 R,8645,8809,9507,11310,8645,8809,9507,11310,24148,25911,21392,24575, -24,-254,   1,0,70,d79810
14:50:57.092 R,8647,8808,9509,11309,8647,8808,9509,11309,24152,25915,21393,24577, -24,-254,   2,0,70,e79810
14:50:57.092 R,8646,8812,9505,11310,8646,8812,9505,11310,24151,25911,21395,24576, -24,-253,   2,0,70,f79810
14:50:57.241 R,8643,8811,9505,11310,8643,8811,9505,11310,24155,25913,21393,24576, -23,-252,   2,0,70,079810
14:50:57.241 R,8648,8815,9509,11316,8648,8815,9509,11316,24153,25916,21397,24581, -23,-254,  -1,0,70,779870
14:50:57.241 R,8649,8815,9510,11315,8649,8815,9510,11315,24155,25917,21400,24580, -22,-254,  -1,0,70,879870
14:50:57.241 R,8649,8814,9512,11319,8649,8814,9512,11319,24154,25920,21400,24583, -22,-254,  -1,0,70,979870
14:50:57.241 R,8651,8814,9509,11318,8651,8814,9509,11318,24156,25919,21402,24587, -22,-254,  -1,0,70,a79870
14:50:57.392 R,8651,8816,9512,11321,8651,8816,9512,11321,24156,25924,21399,24585, -21,-254,  -2,0,70,b79870
14:50:57.392 R,8650,8817,9514,11318,8650,8817,9514,11318,24159,25921,21403,24588, -20,-253,   0,0,70,c79870
14:50:57.392 R,8654,8818,9513,11320,8654,8818,9513,11320,24161,25924,21403,24587, -20,-252,   0,0,70,d79870
14:50:57.392 R,8653,8817,9514,11323,8653,8817,9514,11323,24158,25925,21403,24588, -20,-253,   0,0,70,e79870
14:50:57.392 R,8651,8817,9514,11322,8651,8817,9514,11322,24161,25924,21404,24590, -20,-252,   0,0,70,f79870
14:50:57.541 R,8655,8825,9506,11336,8655,8825,9506,11336,24161,25924,21404,24592, -18,-255,   0,0,70,079870
14:50:57.541 R,8642,8799,9490,11290,8642,8799,9490,11290,24160,25917,21397,24580, -16,-254,  -1,0,70,d79990
14:50:57.541 R,8651,8812,9509,11311,8651,8812,9509,11311,24159,25916,21391,24577, -17,-253,  -1,0,70,e79990
14:50:57.541 R,8650,8810,9510,11309,8650,8810,9510,11309,24161,25918,21391,24574, -17,-253,  -1,0,70,f79990
14:50:57.541 R,8647,8807,9509,11306,8647,8807,9509,11306,24159,25917,21394,24571, -17,-252,  -2,0,70,079990
14:50:57.692 R,8649,8807,9508,11306,8649,8807,9508,11306,24154,25912,21388,24574, -18,-253,  -2,0,70,179990
14:50:57.692 R,8645,8809,9504,11305,8645,8809,9504,11305,24155,25914,21386,24570, -19,-253,  -2,0,70,279990
14:50:57.692 R,8653,8821,9515,11327,8653,8821,9515,11327,24149,25918,21388,24568, -19,-254,  -2,0,70,980050
14:50:57.692 R,8646,8808,9505,11304,8646,8808,9505,11304,24145,25910,21389,24566, -18,-255,  -1,0,70,a80050
14:50:57.692 R,8642,8804,9504,11304,8642,8804,9504,11304,24148,25913,21389,24570, -19,-254,  -1,0,70,b80050
14:50:57.842 R,8644,8806,9507,11302,8644,8806,9507,11302,24150,25911,21386,24570, -19,-254,   0,0,70,c80050
14:50:57.842 R,8642,8804,9503,11302,8642,8804,9503,11302,24148,25910,21392,24565, -19,-253,  -2,0,70,d80050
14:50:57.842 R,8635,8808,9501,11308,8635,8808,9501,11308,24144,25909,21388,24570, -20,-253,  -1,0,70,580120
14:50:57.842 R,8645,8809,9504,11308,8645,8809,9504,11308,24148,25908,21393,24568, -20,-253,  -1,0,70,680120
14:50:57.842 R,8642,8811,9504,11310,8642,8811,9504,11310,24146,25912,21394,24571, -22,-253,  -1,0,70,780120
14:50:57.842 R,8643,8811,9507,11310,8643,8811,9507,11310,24145,25909,21391,24570, -21,-253,  -1,0,70,880120
14:50:58.297 R,8644,8811,9504,11312,8644,8811,9504,11312,24139,25902,21390,24570, -21,-253,  -2,0,70,980120
14:50:58.297 R,8648,8815,9508,11316,8648,8815,9508,11316,24147,25913,21400,24582, -22,-254,  -1,0,70,180190
14:50:58.297 R,8647,8816,9508,11317,8647,8816,9508,11317,24145,25913,21399,24581, -21,-253,  -1,0,70,280190
14:50:58.297 R,8649,8814,9507,11316,8649,8814,9507,11316,24150,25913,21398,24583, -21,-252,   0,0,70,380190
14:50:58.297 R,8645,8815,9508,11316,8645,8815,9508,11316,24148,25911,21398,24583, -22,-253,  -1,0,70,480190
14:50:58.300 R,8646,8817,9509,11322,8646,8817,9509,11322,24148,25915,21399,24585, -21,-254,   1,0,70,580190
14:50:58.297 R,8651,8822,9513,11327,8651,8822,9513,11327,24155,25924,21407,24592, -23,-254,   0,0,70,d80260
14:50:58.300 R,8652,8823,9512,11328,8652,8823,9512,11328,24158,25924,21408,24597, -24,-253,   1,0,70,e80260
14:50:58.300 R,8652,8823,9512,11328,8652,8823,9512,11328,24157,25927,21404,24593, -23,-254,   1,0,70,f80260
14:50:58.300 R,8652,8823,9519,11330,8652,8823,9519,11330,24162,25925,21409,24594, -23,-252,   1,0,70,080260
14:50:58.618 R,8653,8823,9515,11330,8653,8823,9515,11330,24161,25925,21409,24594, -23,-253,   2,0,70,180260
14:50:58.618 R,8668,8826,9539,11350,8668,8826,9539,11350,24163,25931,21411,24605, -24,-254,   1,0,70,780310
14:50:58.618 R,8655,8825,9517,11330,8655,8825,9517,11330,24164,25930,21409,24601, -23,-254,   2,0,70,880310
14:50:58.618 R,8655,8822,9515,11330,8655,8822,9515,11330,24161,25924,21408,24597, -24,-254,   1,0,70,980310
14:50:58.618 R,8652,8821,9511,11326,8652,8821,9511,11326,24159,25924,21405,24593, -23,-253,   2,0,70,a80310
14:50:58.621 R,8655,8818,9509,11319,8655,8818,9509,11319,24162,25922,21404,24590, -24,-253,   2,0,70,b80310
14:50:58.621 R,8652,8818,9509,11317,8652,8818,9509,11317,24161,25917,21402,24585, -23,-252,   2,0,70,c80310
14:50:58.621 R,8645,8812,9505,11312,8645,8812,9505,11312,24153,25909,21393,24572, -24,-254,   1,0,70,480380
14:50:58.621 R,8646,8814,9501,11310,8646,8814,9501,11310,24148,25907,21392,24577, -24,-253,   2,0,70,580380
14:50:58.621 R,8648,8812,9504,11309,8648,8812,9504,11309,24152,25908,21391,24573, -25,-253,   1,0,70,680380
14:50:58.742 R,8646,8811,9503,11312,8646,8811,9503,11312,24150,25907,21390,24571, -26,-253,   2,0,70,780380
14:50:58.742 R,8646,8809,9504,11305,8646,8809,9504,11305,24149,25910,21392,24573, -24,-253,   2,0,70,880380
14:50:58.742 R,8647,8812,9505,11310,8647,8812,9505,11310,24149,25911,21396,24573, -25,-254,   3,0,70,e80430
14:50:58.742 R,8653,8814,9510,11312,8653,8814,9510,11312,24149,25914,21397,24583, -26,-253,   2,0,70,f80430
14:50:58.742 R,8649,8814,9508,11316,8649,8814,9508,11316,24153,25910,21397,24575, -26,-253,   2,0,70,080430
14:50:58.742 R,8646,8810,9505,11311,8646,8810,9505,11311,24151,25910,21398,24574, -26,-253,   3,0,70,180430
14:50:58.893 R,8648,8814,9508,11312,8648,8814,9508,11312,24150,25907,21394,24571, -25,-253,   2,0,70,280430
14:50:58.893 R,8648,8818,9511,11320,8648,8818,9511,11320,24155,25910,21402,24577, -27,-252,   2,0,70,d80530
14:50:58.893 R,8651,8817,9510,11316,8651,8817,9510,11316,24153,25911,21398,24580, -28,-252,   3,0,70,e80530
14:50:58.893 R,8650,8819,9509,11318,8650,8819,9509,11318,24151,25906,21399,24578, -28,-252,   3,0,70,f80530
14:50:58.893 R,8651,8818,9509,11318,8651,8818,9509,11318,24155,25913,21398,24580, -29,-253,   4,0,70,080530
14:50:59.041 R,8651,8821,9510,11319,8651,8821,9510,11319,24152,25915,21399,24577, -28,-252,   3,0,70,180530
14:50:59.041 R,8653,8821,9512,11324,8653,8821,9512,11324,24158,25916,21404,24587, -26,-253,   2,0,70,780580
14:50:59.041 R,8653,8821,9512,11325,8653,8821,9512,11325,24159,25919,21404,24587, -25,-252,   3,0,70,880580
14:50:59.041 R,8654,8823,9513,11326,8654,8823,9513,11326,24158,25919,21408,24591, -26,-252,   3,0,70,980580
14:50:59.041 R,8654,8824,9513,11328,8654,8824,9513,11328,24157,25919,21409,24589, -25,-254,   2,0,70,a80580
14:50:59.373 R,8655,8824,9514,11329,8655,8824,9514,11329,24160,25920,21407,24592, -24,-254,   2,0,70,b80580
14:50:59.373 R,8659,8819,9535,11323,8659,8819,9535,11323,24162,25923,21408,24594, -25,-254,   2,0,70,c80580
14:50:59.373 R,8672,8828,9536,11335,8672,8828,9536,11335,24167,25924,21414,24602, -28,-251,   3,0,70,380640
14:50:59.373 R,8659,8828,9521,11337,8659,8828,9521,11337,24169,25929,21413,24597, -27,-252,   2,0,70,480640
14:50:59.373 R,8660,8827,9519,11334,8660,8827,9519,11334,24164,25922,21407,24594, -26,-253,   2,0,70,580640
14:50:59.376 R,8661,8826,9516,11333,8661,8826,9516,11333,24169,25923,21409,24600, -25,-253,   1,0,70,680640
14:50:59.376 R,8662,8824,9514,11330,8662,8824,9514,11330,24168,25924,21406,24597, -25,-253,   2,0,70,780640
14:50:59.376 R,8641,8813,9481,11302,8641,8813,9481,11302,24162,25910,21400,24585, -23,-253,   1,0,70,f80710
14:50:59.376 R,8651,8817,9509,11315,8651,8817,9509,11315,24155,25909,21395,24579, -22,-254,   1,0,70,080710
14:50:59.376 R,8649,8814,9508,11315,8649,8814,9508,11315,24153,25908,21394,24576, -22,-255,   0,0,70,180710
14:50:59.492 R,8650,8813,9507,11315,8650,8813,9507,11315,24154,25905,21392,24578, -23,-254,   1,0,70,280710
14:50:59.492 R,8648,8814,9505,11314,8648,8814,9505,11314,24158,25909,21391,24578, -23,-253,   1,0,70,380710
14:50:59.492 R,8648,8816,9506,11318,8648,8816,9506,11318,24150,25901,21395,24585, -23,-254,   1,0,70,b80780
14:50:59.492 R,8650,8815,9505,11319,8650,8815,9505,11319,24149,25901,21392,24581, -23,-255,   2,0,70,c80780
14:50:59.492 R,8651,8815,9503,11319,8651,8815,9503,11319,24149,25899,21393,24579, -23,-254,   1,0,70,d80780
14:50:59.492 R,8648,8817,9505,11320,8648,8817,9505,11320,24148,25902,21391,24582, -23,-255,   2,0,70,e80780
14:50:59.642 R,8646,8819,9502,11318,8646,8819,9502,11318,24147,25895,21397,24580, -22,-254,   1,0,70,f80780
14:50:59.642 R,8650,8818,9507,11324,8650,8818,9507,11324,24149,25904,21397,24582, -23,-253,   3,0,70,780850
14:50:59.642 R,8652,8820,9507,11325,8652,8820,9507,11325,24150,25904,21401,24587, -23,-253,   4,0,70,880850
14:50:59.642 R,8651,8818,9508,11326,8651,8818,9508,11326,24150,25904,21399,24584, -22,-252,   3,0,70,980850
14:50:59.642 R,8650,8819,9508,11327,8650,8819,9508,11327,24149,25903,21399,24587, -21,-252,   3,0,70,a80850
14:50:59.792 R,8652,8823,9509,11324,8652,8823,9509,11324,24150,25907,21401,24588, -20,-252,   3,0,70,b80850
14:50:59.792 R,8655,8825,9513,11334,8655,8825,9513,11334,24156,25911,21405,24596, -23,-253,   2,0,70,480930
14:50:59.792 R,8655,8825,9514,11335,8655,8825,9514,11335,24157,25913,21408,24594, -22,-253,   3,0,70,580930
14:50:59.792 R,8654,8827,9496,11337,8654,8827,9496,11337,24164,25920,21412,24600, -21,-253,   3,0,70,680930
14:50:59.792 R,8655,8828,9514,11336,8655,8828,9514,11336,24159,25917,21406,24600, -21,-254,   2,0,70,780930
14:51:00.114 R,8657,8829,9513,11337,8657,8829,9513,11337,24160,25916,21406,24599, -22,-255,   4,0,70,880930
14:51:00.114 R,8657,8830,9514,11337,8657,8830,9514,11337,24157,25913,21410,24600, -21,-254,   3,0,70,980930
14:51:00.114 R,8660,8830,9516,11340,8660,8830,9516,11340,24163,25921,21414,24608, -22,-256,   1,0,70,f80980
14:51:00.114 R,8660,8831,9517,11341,8660,8831,9517,11341,24166,25920,21413,24609, -22,-255,   2,0,70,080980
14:51:00.114 R,8661,8836,9522,11360,8661,8836,9522,11360,24164,25917,21412,24605, -23,-254,   1,0,70,180980
14:51:00.114 R,8660,8827,9515,11337,8660,8827,9515,11337,24165,25914,21410,24603, -23,-253,   3,0,70,280980
14:51:00.116 R,8659,8823,9514,11333,8659,8823,9514,11333,24164,25913,21405,24598, -23,-252,   2,0,70,380980
14:51:00.116 R,8649,8814,9505,11316,8649,8814,9505,11316,24150,25904,21392,24576, -21,-255,   0,0,70,c81060
14:51:00.116 R,8649,8815,9506,11320,8649,8815,9506,11320,24150,25906,21388,24576, -21,-255,   1,0,70,d81060
14:51:00.116 R,8651,8814,9505,11318,8651,8814,9505,11318,24151,25903,21390,24575, -23,-254,   1,0,70,e81060
14:51:00.242 R,8650,8813,9506,11319,8650,8813,9506,11319,24148,25899,21391,24576, -22,-253,   2,0,70,f81060
14:51:00.242 R,8648,8811,9507,11316,8648,8811,9507,11316,24147,25902,21388,24572, -22,-253,   3,0,70,081060
14:51:00.242 R,8652,8819,9506,11317,8652,8819,9506,11317,24145,25901,21397,24573, -21,-255,   4,0,70,781120
14:51:00.242 R,8651,8816,9506,11317,8651,8816,9506,11317,24145,25906,21392,24577, -21,-254,   3,0,70,881120
14:51:00.242 R,8650,8816,9506,11318,8650,8816,9506,11318,24145,25902,21393,24574, -21,-253,   3,0,70,981120
14:51:00.242 R,8649,8817,9506,11319,8649,8817,9506,11319,24144,25903,21388,24579, -21,-253,   4,0,70,a81120
14:51:00.392 R,8649,8817,9507,11319,8649,8817,9507,11319,24145,25898,21392,24576, -20,-252,   4,0,70,b81120
14:51:00.392 R,8648,8817,9509,11322,8648,8817,9509,11322,24144,25903,21394,24576, -22,-253,   2,0,70,481200
14:51:00.392 R,8650,8818,9506,11321,8650,8818,9506,11321,24142,25904,21393,24576, -22,-252,   3,0,70,581200
14:51:00.392 R,8651,8818,9507,11323,8651,8818,9507,11323,24136,25897,21391,24575, -22,-254,   3,0,70,681200
14:51:00.392 R,8651,8819,9510,11324,8651,8819,9510,11324,24145,25905,21396,24580, -23,-254,   2,0,70,781200
14:51:00.542 R,8650,8821,9509,11323,8650,8821,9509,11323,24145,25902,21396,24581, -22,-253,   2,0,70,881200
14:51:00.542 R,8653,8821,9512,11329,8653,8821,9512,11329,24147,25908,21397,24586, -21,-253,   3,0,70,f81260
14:51:00.542 R,8652,8825,9511,11331,8652,8825,9511,11331,24149,25912,21397,24588, -20,-253,   2,0,70,081260
14:51:00.542 R,8651,8827,9511,11330,8651,8827,9511,11330,24148,25912,21401,24588, -21,-254,   2,0,70,181260
14:51:00.542 R,8653,8827,9510,11333,8653,8827,9510,11333,24151,25913,21399,24588, -20,-253,   2,0,70,281260
14:51:00.838 R,8653,8824,9515,11332,8653,8824,9515,11332,24149,25910,21402,24592, -21,-254,   3,0,70,381260
14:51:00.838 R,8654,8825,9512,11333,8654,8825,9512,11333,24149,25914,21403,24591, -21,-254,   2,0,70,481260
14:51:00.838 R,8656,8831,9516,11338,8656,8831,9516,11338,24157,25919,21404,24595, -23,-254,   2,0,70,c81330
14:51:00.838 R,8660,8831,9516,11340,8660,8831,9516,11340,24156,25916,21409,24598, -23,-254,   2,0,70,d81330
14:51:00.838 R,8656,8828,9509,11322,8656,8828,9509,11322,24155,25922,21409,24596, -23,-256,   1,0,70,e81330
14:51:00.844 R,8658,8828,9516,11334,8658,8828,9516,11334,24158,25919,21406,24596, -24,-255,   2,0,70,f81330
14:51:00.844 R,8657,8828,9514,11331,8657,8828,9514,11331,24156,25914,21400,24593, -24,-253,   1,0,70,081330
14:51:00.844 R,8650,8816,9504,11317,8650,8816,9504,11317,24147,25904,21391,24571, -22,-254,   1,0,70,681380
14:51:00.844 R,8649,8815,9506,11315,8649,8815,9506,11315,24141,25904,21390,24572, -21,-253,   2,0,70,781380
14:51:00.844 R,8650,8816,9509,11314,8650,8816,9509,11314,24141,25900,21387,24568, -20,-255,   1,0,70,881380
14:51:00.844 R,8649,8815,9507,11315,8649,8815,9507,11315,24141,25900,21384,24573, -21,-254,   2,0,70,981380
14:51:00.991 R,8647,8814,9506,11315,8647,8814,9506,11315,24141,25899,21383,24566, -21,-253,   2,0,70,a81380
14:51:00.991 R,8647,8812,9506,11314,8647,8812,9506,11314,24138,25895,21386,24562, -21,-254,   3,0,70,181440
14:51:00.991 R,8647,8804,9506,11318,8647,8804,9506,11318,24139,25899,21384,24568, -20,-253,   3,0,70,281440
14:51:00.991 R,8647,8814,9506,11313,8647,8814,9506,11313,24135,25899,21386,24565, -19,-253,   3,0,70,381440
14:51:00.991 R,8648,8815,9505,11312,8648,8815,9505,11312,24140,25900,21386,24564, -20,-253,   2,0,70,481440
14:51:01.325 R,8644,8813,9503,11315,8644,8813,9503,11315,24141,25897,21389,24564, -20,-255,   2,0,70,581440
14:51:01.325 R,8647,8817,9506,11315,8647,8817,9506,11315,24137,25899,21387,24566, -18,-254,   1,0,70,d81510
14:51:01.325 R,8648,8814,9506,11314,8648,8814,9506,11314,24140,25899,21388,24566, -17,-254,   1,0,70,e81510
14:51:01.325 R,8646,8815,9506,11315,8646,8815,9506,11315,24137,25898,21386,24567, -18,-255,   2,0,70,f81510
14:51:01.325 R,8648,8813,9507,11316,8648,8813,9507,11316,24135,25900,21386,24568, -18,-254,   1,0,70,081510
14:51:01.328 R,8646,8815,9506,11316,8646,8815,9506,11316,24140,25902,21388,24567, -18,-254,   2,0,70,181510
14:51:01.328 R,8648,8818,9496,11317,8648,8818,9496,11317,24138,25902,21391,24572, -19,-254,   1,0,70,981580
14:51:01.328 R,8650,8818,9513,11324,8650,8818,9513,11324,24140,25906,21394,24574, -18,-255,   1,0,70,a81580
14:51:01.328 R,8652,8818,9510,11323,8652,8818,9510,11323,24143,25902,21395,24577, -18,-254,   1,0,70,b81580
14:51:01.328 R,8651,8821,9512,11324,8651,8821,9512,11324,24140,25905,21395,24573, -17,-254,   1,0,70,c81580
14:51:01.441 R,8655,8822,9520,11336,8655,8822,9520,11336,24141,25904,21392,24577, -18,-254,   2,0,70,d81580
14:51:01.441 R,8653,8822,9510,11323,8653,8822,9510,11323,24143,25905,21394,24575, -19,-254,   2,0,70,e81580
14:51:01.441 R,8653,8821,9514,11328,8653,8821,9514,11328,24143,25907,21397,24583, -18,-254,   2,0,70,581640
14:51:01.441 R,8656,8827,9514,11332,8656,8827,9514,11332,24151,25912,21400,24584, -18,-254,   2,0,70,681640
14:51:01.441 R,8658,8827,9512,11333,8658,8827,9512,11333,24152,25909,21401,24585, -19,-251,   1,0,70,781640
14:51:01.592 R,8655,8827,9517,11331,8655,8827,9517,11331,24148,25916,21403,24588, -18,-254,   1,0,70,881640
14:51:01.592 R,8660,8823,9515,11323,8660,8823,9515,11323,24154,25912,21404,24590, -19,-254,   2,0,70,981640
14:51:01.592 R,8657,8822,9513,11329,8657,8822,9513,11329,24157,25907,21395,24586, -17,-254,   1,0,70,081700
14:51:01.592 R,8651,8823,9491,11313,8651,8823,9491,11313,24151,25904,21393,24580, -18,-254,   2,0,70,181700
14:51:01.592 R,8652,8822,9501,11326,8652,8822,9501,11326,24148,25908,21389,24578, -17,-253,   2,0,70,281700
14:51:01.592 R,8655,8816,9507,11319,8655,8816,9507,11319,24149,25903,21388,24570, -16,-253,   2,0,70,381700
14:51:01.742 R,8653,8811,9506,11296,8653,8811,9506,11296,24145,25897,21387,24571, -16,-251,   2,0,70,481700
14:51:01.742 R,8650,8810,9503,11310,8650,8810,9503,11310,24137,25886,21379,24561, -18,-254,   2,0,70,b81760
14:51:01.742 R,8646,8812,9502,11310,8646,8812,9502,11310,24135,25886,21378,24557, -17,-253,   1,0,70,c81760
14:51:01.742 R,8647,8810,9500,11307,8647,8810,9500,11307,24136,25890,21381,24556, -18,-254,   2,0,70,d81760
14:51:01.742 R,8647,8812,9501,11308,8647,8812,9501,11308,24136,25889,21377,24555, -18,-254,   1,0,70,e81760
14:51:01.891 R,8645,8809,9501,11306,8645,8809,9501,11306,24137,25888,21378,24557, -17,-254,   2,0,70,f81760
14:51:01.891 R,8640,8803,9481,11297,8640,8803,9481,11297,24133,25880,21380,24555, -18,-253,   2,0,70,681820
14:51:01.891 R,8647,8810,9501,11310,8647,8810,9501,11310,24131,25882,21380,24557, -19,-254,   1,0,70,781820
14:51:01.891 R,8646,8809,9502,11310,8646,8809,9502,11310,24134,25886,21379,24558, -19,-253,   1,0,70,881820
14:51:01.891 R,8641,8812,9493,11311,8641,8812,9493,11311,24127,25878,21375,24545, -19,-253,   2,0,70,981820
14:51:02.040 R,8641,8802,9490,11296,8641,8802,9490,11296,24133,25881,21378,24557, -19,-252,   2,0,70,a81820
14:51:02.040 R,8647,8814,9501,11311,8647,8814,9501,11311,24134,25887,21382,24562, -19,-253,   1,0,70,281890
14:51:02.040 R,8647,8815,9503,11313,8647,8815,9503,11313,24133,25889,21379,24561, -18,-253,   0,0,70,381890
14:51:02.040 R,8648,8812,9503,11314,8648,8812,9503,11314,24136,25885,21383,24565, -19,-253,   1,0,70,481890
14:51:02.040 R,8648,8815,9503,11315,8648,8815,9503,11315,24137,25890,21383,24564, -18,-253,   1,0,70,581890
14:51:02.190 R,8659,8815,9527,11329,8659,8815,9527,11329,24134,25887,21388,24564, -19,-253,   0,0,70,681890
14:51:02.190 R,8650,8815,9505,11316,8650,8815,9505,11316,24139,25888,21383,24563, -18,-254,   0,0,70,781890
14:51:02.190 R,8651,8816,9507,11319,8651,8816,9507,11319,24138,25890,21385,24567, -19,-254,   1,0,70,d81940
14:51:02.190 R,8652,8820,9508,11321,8652,8820,9508,11321,24140,25894,21389,24566, -19,-254,   2,0,70,e81940
14:51:02.190 R,8650,8819,9506,11321,8650,8819,9506,11321,24138,25895,21389,24567, -18,-253,   1,0,70,f81940
14:51:02.340 R,8653,8820,9505,11320,8653,8820,9505,11320,24139,25896,21386,24571, -18,-253,   1,0,70,081940
14:51:02.340 R,8650,8817,9507,11323,8650,8817,9507,11323,24140,25898,21383,24568, -19,-254,   1,0,70,181940
14:51:02.340 R,8655,8820,9508,11317,8655,8820,9508,11317,24147,25898,21393,24576, -16,-252,   0,0,70,882000
14:51:02.340 R,8658,8823,9511,11325,8658,8823,9511,11325,24148,25899,21394,24576, -21,-255,   2,0,70,982000
14:51:02.340 R,8658,8825,9509,11327,8658,8825,9509,11327,24147,25898,21394,24576, -20,-253,   1,0,70,a82000
14:51:02.340 R,8658,8825,9514,11328,8658,8825,9514,11328,24148,25903,21396,24581, -21,-252,   2,0,70,b82000
14:51:02.492 R,8659,8827,9513,11328,8659,8827,9513,11328,24149,25896,21400,24581, -20,-253,   2,0,70,c82000
14:51:02.492 R,8653,8818,9502,11315,8653,8818,9502,11315,24146,25887,21383,24567, -16,-253,   0,0,70,482070
14:51:02.492 R,8653,8815,9503,11314,8653,8815,9503,11314,24146,25886,21381,24568, -15,-254,   0,0,70,582070
14:51:02.492 R,8656,8807,9527,11305,8656,8807,9527,11305,24142,25885,21378,24558, -16,-253,  -1,0,70,682070
14:51:02.492 R,8653,8812,9502,11309,8653,8812,9502,11309,24142,25884,21380,24558, -15,-253,   0,0,70,782070
14:51:02.641 R,8650,8811,9503,11310,8650,8811,9503,11310,24137,25886,21377,24557, -15,-253,   0,0,70,882070
14:51:02.641 R,8648,8811,9499,11306,8648,8811,9499,11306,24134,25882,21375,24556, -14,-255,   0,0,70,082140
14:51:02.641 R,8646,8809,9498,11306,8646,8809,9498,11306,24134,25881,21375,24556, -13,-253,  -1,0,70,182140
14:51:02.641 R,8636,8809,9475,11294,8636,8809,9475,11294,24138,25882,21378,24559, -12,-255,  -2,0,70,282140
14:51:02.641 R,8648,8811,9501,11308,8648,8811,9501,11308,24139,25884,21377,24557, -11,-255,  -2,0,70,382140
14:51:02.967 R,8649,8811,9497,11308,8649,8811,9497,11308,24133,25880,21378,24556, -11,-256,  -1,0,70,482140
14:51:02.967 R,8650,8809,9501,11308,8650,8809,9501,11308,24137,25882,21378,24556, -12,-256,  -1,0,70,582140
14:51:02.967 R,8649,8807,9499,11307,8649,8807,9499,11307,24143,25874,21368,24552,  -6,-253,  -2,0,70,c82200
14:51:02.967 R,8651,8807,9497,11306,8651,8807,9497,11306,24139,25876,21368,24551,  -8,-252,  -2,0,70,d82200
14:51:02.967 R,8648,8809,9498,11306,8648,8809,9498,11306,24142,25876,21369,24552,  -9,-256,  -2,0,70,e82200
14:51:02.970 R,8652,8810,9497,11307,8652,8810,9497,11307,24141,25879,21370,24553, -12,-260,  -2,0,70,f82200
14:51:02.970 R,8649,8809,9502,11306,8649,8809,9502,11306,24140,25881,21370,24552, -15,-262,  -2,0,70,082200
14:51:02.970 R,8648,8810,9498,11308,8648,8810,9498,11308,24137,25874,21375,24556, -30,-255,  -5,0,70,882270
14:51:02.970 R,8652,8810,9500,11311,8652,8810,9500,11311,24141,25877,21374,24556, -31,-256,   0,0,70,982270
14:51:02.970 R,8650,8812,9499,11311,8650,8812,9499,11311,24138,25876,21377,24558, -28,-255,   3,0,70,a82270
14:51:03.422 R,8653,8810,9500,11311,8653,8810,9500,11311,24141,25878,21376,24554, -25,-254,   6,0,70,b82270
14:51:03.422 R,8653,8811,9501,11310,8653,8811,9501,11310,24143,25878,21372,24553, -21,-253,   7,0,70,c82270
14:51:03.422 R,8665,8810,9507,11310,8665,8810,9507,11310,24159,25888,21368,24548,  -3,-253,  16,0,70,382330
14:51:03.422 R,8661,8810,9508,11310,8661,8810,9508,11310,24163,25886,21371,24552,  -5,-257,  16,0,70,482330
14:51:03.422 R,8665,8813,9508,11313,8665,8813,9508,11313,24157,25889,21374,24556,  -8,-258,  17,0,70,582330
14:51:03.422 R,8663,8815,9507,11315,8663,8815,9507,11315,24159,25888,21376,24558,  -7,-257,  16,0,70,682330
14:51:03.426 R,8663,8814,9508,11313,8663,8814,9508,11313,24162,25888,21374,24557,  -7,-255,  16,0,70,782330
14:51:03.426 R,8668,8817,9511,11318,8668,8817,9511,11318,24172,25895,21377,24559,  -7,-249,  22,0,70,e82390
14:51:03.426 R,8661,8806,9487,11292,8661,8806,9487,11292,24170,25893,21381,24557,  -8,-251,  23,0,70,f82390
14:51:03.426 R,8668,8813,9510,11315,8668,8813,9510,11315,24175,25894,21375,24558,  -7,-251,  21,0,70,082390
14:51:03.426 R,8667,8813,9509,11310,8667,8813,9509,11310,24174,25896,21370,24554,  -8,-250,  19,0,70,182390
14:51:03.537 R,8666,8802,9507,11286,8666,8802,9507,11286,24171,25892,21370,24552,  -8,-253,  19,0,70,282390
14:51:03.537 R,8659,8798,9500,11292,8659,8798,9500,11292,24158,25878,21356,24531, -10,-255,  12,0,70,982450
14:51:03.537 R,8660,8802,9498,11292,8660,8802,9498,11292,24157,25878,21351,24530, -12,-254,  11,0,70,a82450
14:51:03.537 R,8665,8810,9511,11316,8665,8810,9511,11316,24158,25880,21352,24535, -12,-253,  10,0,70,b82450
14:51:03.537 R,8659,8799,9500,11293,8659,8799,9500,11293,24159,25875,21355,24533, -12,-254,  10,0,70,c82450
14:51:03.691 R,8658,8797,9498,11289,8658,8797,9498,11289,24155,25873,21351,24532, -13,-255,  11,0,70,d82450
14:51:03.691 R,8656,8798,9500,11290,8656,8798,9500,11290,24154,25876,21350,24531, -13,-255,  11,0,70,e82450
14:51:03.691 R,8657,8798,9497,11292,8657,8798,9497,11292,24154,25874,21348,24526,  -6,-254,   9,0,70,582510
14:51:03.691 R,8658,8796,9497,11290,8658,8796,9497,11290,24159,25873,21348,24528,  -8,-256,  10,0,70,682510
14:51:03.691 R,8656,8796,9498,11288,8656,8796,9498,11288,24157,25875,21347,24529,  -7,-256,  10,0,70,782510
14:51:03.696 R,8656,8803,9497,11298,8656,8803,9497,11298,24156,25871,21352,24530,  -7,-256,  10,0,70,882510
14:51:03.696 R,8658,8796,9497,11289,8658,8796,9497,11289,24156,25873,21350,24527,  -7,-254,  10,0,70,982510
14:51:03.696 R,8660,8798,9498,11292,8660,8798,9498,11292,24159,25870,21351,24525,  -3,-254,  15,0,70,082570
14:51:03.696 R,8656,8795,9497,11292,8656,8795,9497,11292,24155,25873,21350,24527,  -1,-255,  16,0,70,182570
14:51:03.696 R,8661,8797,9500,11293,8661,8797,9500,11293,24156,25870,21346,24527,   2,-255,  17,0,70,282570
14:51:04.013 R,8657,8798,9497,11290,8657,8798,9497,11290,24160,25873,21352,24530,   1,-255,  17,0,70,382570
14:51:04.013 R,8658,8797,9500,11290,8658,8797,9500,11290,24161,25874,21350,24529,   0,-255,  18,0,70,482570
14:51:04.013 R,8661,8800,9502,11294,8661,8800,9502,11294,24166,25876,21354,24533,   2,-252,  20,0,70,b82630
14:51:04.013 R,8660,8802,9501,11296,8660,8802,9501,11296,24166,25878,21354,24532,   1,-253,  20,0,70,c82630
14:51:04.013 R,8662,8800,9501,11296,8662,8800,9501,11296,24165,25878,21354,24533,   0,-253,  21,0,70,d82630
14:51:04.013 R,8662,8802,9502,11296,8662,8802,9502,11296,24165,25877,21356,24535,   0,-253,  21,0,70,e82630
14:51:04.141 R,8664,8803,9503,11298,8664,8803,9503,11298,24166,25882,21352,24536,   1,-254,  21,0,70,f82630
14:51:04.141 R,8665,8806,9506,11304,8665,8806,9506,11304,24173,25881,21361,24539,  -3,-254,  24,0,70,682690
14:51:04.141 R,8665,8807,9506,11303,8665,8807,9506,11303,24170,25885,21363,24545,  -1,-253,  24,0,70,782690
14:51:04.141 R,8667,8806,9505,11303,8667,8806,9505,11303,24173,25889,21362,24543,  -2,-253,  23,0,70,882690
14:51:04.141 R,8665,8807,9508,11305,8665,8807,9508,11305,24174,25885,21361,24548,  -2,-253,  23,0,70,982690
14:51:04.292 R,8668,8810,9509,11305,8668,8810,9509,11305,24175,25890,21359,24539,  -3,-252,  23,0,70,a82690
14:51:04.292 R,8666,8801,9503,11295,8666,8801,9503,11295,24172,25884,21354,24537,  -6,-252,  23,0,70,282760
14:51:04.292 R,8671,8797,9504,11293,8671,8797,9504,11293,24173,25888,21352,24540,  -4,-251,  23,0,70,382760
14:51:04.292 R,8663,8796,9500,11292,8663,8796,9500,11292,24173,25879,21352,24528,  -4,-253,  22,0,70,482760
14:51:04.292 R,8662,8798,9500,11291,8662,8798,9500,11291,24169,25875,21349,24530,  -6,-253,  22,0,70,582760
14:51:04.444 R,8659,8794,9499,11287,8659,8794,9499,11287,24166,25877,21345,24529,  -7,-253,  22,0,70,682760
14:51:04.444 R,8661,8794,9499,11286,8661,8794,9499,11286,24167,25876,21347,24524,  -8,-252,  22,0,70,782760
14:51:04.444 R,8660,8791,9494,11281,8660,8791,9494,11281,24160,25873,21344,24521,  -7,-254,  20,0,70,d82810
14:51:04.444 R,8657,8791,9496,11284,8657,8791,9496,11284,24161,25873,21344,24522,  -8,-255,  20,0,70,e82810
14:51:04.444 R,8656,8792,9495,11283,8656,8792,9495,11283,24154,25871,21345,24518,  -8,-253,  20,0,70,f82810
14:51:04.592 R,8642,8790,9469,11269,8642,8790,9469,11269,24156,25864,21342,24516,  -7,-254,  19,0,70,082810
14:51:04.592 R,8656,8793,9498,11282,8656,8793,9498,11282,24158,25870,21341,24520,  -8,-254,  19,0,70,182810
14:51:04.592 R,8665,8804,9504,11307,8665,8804,9504,11307,24158,25859,21342,24525,  -8,-253,  19,0,70,882870
14:51:04.592 R,8674,8785,9510,11287,8674,8785,9510,11287,24163,25864,21340,24523,  -7,-254,  19,0,70,982870
14:51:04.592 R,8658,8791,9493,11285,8658,8791,9493,11285,24158,25864,21341,24524,  -6,-254,  18,0,70,a82870
14:51:04.592 R,8658,8790,9491,11284,8658,8790,9491,11284,24160,25863,21340,24528,  -5,-255,  18,0,70,b82870
14:51:04.742 R,8655,8791,9491,11286,8655,8791,9491,11286,24161,25863,21343,24524,  -6,-254,  19,0,71,c82870
14:51:04.742 R,8659,8796,9497,11288,8659,8796,9497,11288,24160,25875,21347,24529,  -8,-254,  20,0,71,482940
14:51:04.742 R,8657,8795,9499,11290,8657,8795,9499,11290,24159,25874,21347,24527,  -8,-254,  22,0,71,582940
14:51:04.742 R,8656,8795,9498,11288,8656,8795,9498,11288,24161,25873,21349,24530,  -7,-253,  22,0,71,682940
14:51:04.742 R,8658,8797,9499,11290,8658,8797,9499,11290,24165,25882,21347,24534,  -7,-252,  22,0,71,782940
14:51:04.892 R,8656,8797,9502,11293,8656,8797,9502,11293,24164,25878,21348,24530,  -7,-252,  22,0,71,882940
14:51:04.892 R,8665,8806,9495,11302,8665,8806,9495,11302,24167,25892,21358,24545,  -6,-254,  26,0,71,083010
14:51:04.892 R,8662,8811,9508,11308,8662,8811,9508,11308,24166,25890,21352,24538,  -7,-254,  25,0,71,183010
14:51:04.892 R,8652,8793,9502,11277,8652,8793,9502,11277,24166,25887,21360,24540,  -7,-254,  25,0,71,283010
14:51:04.892 R,8665,8803,9506,11300,8665,8803,9506,11300,24169,25885,21358,24540,  -8,-254,  25,0,71,383010
14:51:05.042 R,8664,8803,9508,11300,8664,8803,9508,11300,24169,25891,21363,24542,  -8,-253,  26,0,71,483010
14:51:05.042 R,8670,8804,9508,11306,8670,8804,9508,11306,24175,25900,21366,24550,  -7,-253,  24,0,71,c83080
14:51:05.042 R,8667,8806,9511,11305,8667,8806,9511,11305,24171,25886,21363,24547,  -6,-253,  24,0,71,d83080
14:51:05.042 R,8666,8801,9509,11300,8666,8801,9509,11300,24176,25892,21362,24549,  -7,-253,  24,0,71,e83080
14:51:05.042 R,8665,8800,9507,11294,8665,8800,9507,11294,24173,25890,21357,24542,  -8,-253,  24,0,71,f83080
14:51:05.191 R,8664,8799,9504,11292,8664,8799,9504,11292,24175,25889,21356,24542,  -7,-252,  25,0,71,083080
14:51:05.191 R,8662,8797,9502,11291,8662,8797,9502,11291,24168,25885,21353,24536,  -7,-251,  25,0,71,183080
14:51:05.191 R,8658,8789,9498,11282,8658,8789,9498,11282,24161,25878,21344,24523,  -4,-254,  24,0,71,b83170
14:51:05.191 R,8663,8796,9502,11291,8663,8796,9502,11291,24160,25875,21339,24518,  -4,-255,  24,0,71,c83170
14:51:05.191 R,8656,8790,9496,11280,8656,8790,9496,11280,24162,25879,21340,24520,  -4,-254,  23,0,71,d83170
14:51:05.341 R,8656,8789,9496,11278,8656,8789,9496,11278,24162,25878,21339,24520,  -4,-255,  23,0,71,e83170
14:51:05.341 R,8653,8792,9499,11280,8653,8792,9499,11280,24162,25883,21342,24521,  -4,-253,  24,0,71,f83170
14:51:05.341 R,8657,8789,9498,11282,8657,8789,9498,11282,24160,25878,21343,24513,  -4,-253,  24,0,71,583220
14:51:05.341 R,8655,8789,9497,11281,8655,8789,9497,11281,24155,25877,21343,24520,  -4,-254,  24,0,71,683220
14:51:05.341 R,8655,8790,9499,11280,8655,8790,9499,11280,24159,25880,21342,24521,  -6,-254,  25,0,71,783220
14:51:05.341 R,8655,8787,9498,11279,8655,8787,9498,11279,24155,25882,21344,24528,  -6,-253,  25,0,71,883220
14:51:05.492 R,8658,8789,9497,11282,8658,8789,9497,11282,24157,25876,21342,24520,  -5,-253,  24,0,71,983220
14:51:05.492 R,8656,8793,9503,11286,8656,8793,9503,11286,24159,25885,21347,24525,  -5,-252,  24,0,71,283300
14:51:05.492 R,8656,8793,9500,11286,8656,8793,9500,11286,24162,25882,21348,24525,  -5,-252,  25,0,71,383300
14:51:05.492 R,8658,8793,9501,11287,8658,8793,9501,11287,24162,25888,21351,24528,  -6,-254,  24,0,71,483300
14:51:05.492 R,8656,8794,9501,11287,8656,8794,9501,11287,24163,25885,21350,24529,  -7,-253,  25,0,71,583300
14:51:05.641 R,8658,8794,9502,11291,8658,8794,9502,11291,24165,25887,21350,24533,  -6,-253,  25,0,71,683300
14:51:05.641 R,8661,8796,9506,11293,8661,8796,9506,11293,24164,25892,21350,24535,  -5,-253,  25,0,71,c83350
14:51:05.641 R,8660,8799,9506,11293,8660,8799,9506,11293,24165,25891,21354,24538,  -6,-253,  25,0,71,d83350
14:51:05.641 R,8661,8797,9506,11296,8661,8797,9506,11296,24168,25893,21355,24538,  -6,-253,  25,0,71,e83350
14:51:05.641 R,8662,8797,9504,11297,8662,8797,9504,11297,24169,25894,21355,24537,  -4,-253,  25,0,71,f83350
14:51:05.791 R,8663,8799,9506,11296,8663,8799,9506,11296,24172,25894,21358,24541,  -4,-253,  25,0,71,083350
14:51:05.791 R,8666,8804,9513,11304,8666,8804,9513,11304,24178,25906,21363,24550,  -4,-252,  24,0,71,883420
14:51:05.791 R,8668,8804,9511,11304,8668,8804,9511,11304,24180,25906,21363,24552,  -3,-253,  24,0,71,983420
14:51:05.791 R,8667,8807,9511,11302,8667,8807,9511,11302,24179,25904,21363,24547,  -3,-252,  25,0,71,a83420
14:51:05.791 R,8668,8805,9512,11302,8668,8805,9512,11302,24181,25905,21366,24551